SE2 0.2
0.5 6 0 0 
0.500314 5.99999 -0.0385848 0.0125709 
0.501255 5.99994 -0.0771697 0.0251417 
0.502819 5.99978 -0.115755 0.0377126 
0.504998 5.99948 -0.154339 0.0502834 
0.507784 5.99899 -0.192924 0.0628543 
0.510363 5.99849 -0.189748 0.0422128 
0.511929 5.99819 -0.186571 0.0215713 
0.512482 5.99809 -0.183395 0.000929842 
0.512868 5.99801 -0.215652 0.01486 
0.51393 5.99776 -0.247908 0.0287902 
0.515655 5.99729 -0.280165 0.0427204 
0.518031 5.99656 -0.312422 0.0566506 
0.520885 5.99561 -0.331621 0.0637326 
0.524055 5.99448 -0.350821 0.0708147 
0.527533 5.99317 -0.37002 0.0778968 
0.53127 5.99168 -0.390744 0.0830632 
0.534859 5.99012 -0.42938 0.0734804 
0.537954 5.98863 -0.468017 0.0638977 
0.540752 5.98714 -0.513689 0.0630312 
0.543442 5.98554 -0.559361 0.0621647 
0.54602 5.98384 -0.605033 0.0612982 
0.548483 5.98205 -0.650705 0.0604317 
0.550829 5.98021 -0.680158 0.0588672 
0.55306 5.97835 -0.709612 0.0573027 
0.555177 5.97648 -0.739065 0.0557382 
0.55718 5.9746 -0.768519 0.0541736 
0.559072 5.97271 -0.797972 0.0526091 
0.560854 5.97083 -0.827426 0.0510446 
0.562527 5.96896 -0.856879 0.0494801 
0.564513 5.96661 -0.880935 0.0736516 
0.567199 5.96327 -0.904991 0.0978231 
0.570539 5.9589 -0.929047 0.121995 
0.574486 5.95348 -0.953103 0.146166 
0.578988 5.94698 -0.977159 0.170338 
0.583997 5.93935 -1.00121 0.194509 
0.58946 5.93059 -1.02527 0.218681 
0.595478 5.92095 -1.00026 0.235779 
0.602205 5.91075 -0.97525 0.252877 
0.60906 5.90027 -1.008 0.248057 
0.615442 5.88978 -1.04075 0.243238 
0.621359 5.87929 -1.0735 0.238418 
0.626819 5.86883 -1.10625 0.233598 
0.631828 5.85842 -1.139 0.228779 
0.636717 5.84778 -1.14053 0.239328 
0.64181 5.83666 -1.14206 0.249878 
0.647105 5.82506 -1.1436 0.260427 
0.6526 5.81296 -1.14513 0.270976 
0.658294 5.80038 -1.14666 0.281526 
0.664185 5.7873 -1.14819 0.292075 
0.670272 5.77374 -1.14972 0.302625 
0.676554 5.75968 -1.15125 0.313174 
0.683226 5.7454 -1.11657 0.31751 
0.690487 5.73116 -1.08189 0.321846 
0.698343 5.71699 -1.04721 0.326182 
0.706797 5.70292 -1.01253 0.330518 
0.715852 5.68897 -0.977849 0.334854 
0.725509 5.67516 -0.943169 0.339191 
0.73577 5.66152 -0.908489 0.343527 
0.746634 5.64808 -0.87381 0.347863 
0.758099 5.63486 -0.83913 0.352199 
0.769381 5.62175 -0.880904 0.339464 
0.779712 5.60869 -0.922679 0.32673 
0.789114 5.59572 -0.964454 0.313996 
0.797615 5.58291 -1.00623 0.301261 
0.805243 5.57029 -1.048 0.288527 
0.812099 5.55779 -1.09018 0.281613 
0.818268 5.54533 -1.13235 0.274699 
0.823766 5.53293 -1.17452 0.267785 
0.82861 5.52064 -1.21669 0.260872 
0.832818 5.50848 -1.25886 0.253958 
0.836411 5.49648 -1.30104 0.247044 
0.839409 5.48468 -1.34321 0.240131 
0.841837 5.47309 -1.38538 0.233217 
0.844101 5.46122 -1.37942 0.250339 
0.846602 5.44852 -1.37345 0.267461 
0.849348 5.43499 -1.36749 0.284584 
0.852351 5.42065 -1.36153 0.301706 
0.855619 5.40548 -1.35556 0.318828 
0.859164 5.3895 -1.3496 0.33595 
0.862993 5.37271 -1.34364 0.353072 
0.867118 5.3551 -1.33767 0.370195 
0.871549 5.33669 -1.33171 0.387317 
0.876294 5.31747 -1.32575 0.404439 
0.88114 5.29775 -1.33386 0.407849 
0.885866 5.27783 -1.34198 0.41126 
0.890468 5.2577 -1.35009 0.41467 
0.894943 5.23737 -1.35821 0.41808 
0.899225 5.21725 -1.36397 0.404678 
0.903256 5.19776 -1.36974 0.391275 
0.906791 5.17868 -1.40564 0.38513 
0.909593 5.15978 -1.44154 0.378985 
0.911682 5.1411 -1.47745 0.372841 
0.913075 5.12267 -1.51335 0.366696 
0.913794 5.1045 -1.54926 0.360551 
0.913859 5.08663 -1.58516 0.354406 
0.913292 5.06907 -1.62107 0.348262 
0.912123 5.05191 -1.65668 0.339993 
0.910386 5.03521 -1.69229 0.331723 
0.908114 5.01899 -1.7279 0.323454 
0.905337 5.00326 -1.76351 0.315185 
0.902088 4.98806 -1.79912 0.306916 
0.898401 4.97337 -1.83473 0.298647 
0.894308 4.95923 -1.87034 0.290377 
0.889658 4.94537 -1.91851 0.294491 
0.884271 4.93155 -1.96668 0.298605 
0.878141 4.91783 -2.01485 0.302719 
0.871265 4.90423 -2.06301 0.306833 
0.863641 4.8908 -2.11118 0.310946 
0.855985 4.87748 -2.07309 0.303857 
0.849007 4.86418 -2.03501 0.296768 
0.842694 4.85095 -1.99692 0.289679 
0.837028 4.83781 -1.95883 0.28259 
0.831996 4.8248 -1.92074 0.2755 
0.827577 4.81194 -1.88265 0.268411 
0.823753 4.79926 -1.84456 0.261322 
0.820505 4.78679 -1.80648 0.254233 
0.81781 4.77455 -1.76839 0.247144 
0.815646 4.76257 -1.7303 0.240055 
0.813958 4.75066 -1.69296 0.240907 
0.812712 4.73866 -1.65562 0.241759 
0.811911 4.72658 -1.61828 0.242611 
0.811562 4.71443 -1.58093 0.243463 
0.811666 4.70224 -1.54359 0.244315 
0.812227 4.69002 -1.50625 0.245167 
0.813248 4.67778 -1.46891 0.246019 
0.81473 4.66555 -1.43157 0.246871 
0.816195 4.65382 -1.46169 0.225686 
0.817208 4.64312 -1.49181 0.204502 
0.81783 4.63344 -1.52193 0.183318 
0.818125 4.62481 -1.55205 0.162134 
0.818155 4.61724 -1.58217 0.14095 
0.817986 4.61072 -1.61229 0.119766 
0.81768 4.60527 -1.64241 0.098582 
0.817301 4.60089 -1.67253 0.0773979 
0.816915 4.59757 -1.70265 0.0562139 
0.816584 4.59531 -1.73277 0.0350298 
0.816256 4.59353 -1.77272 0.0372686 
0.815833 4.59166 -1.81267 0.0395075 
0.815307 4.5897 -1.85261 0.0417463 
0.81467 4.58765 -1.89256 0.0439852 
0.813914 4.58553 -1.93251 0.046224 
0.813032 4.58333 -1.97245 0.0484629 
0.812017 4.58107 -2.0124 0.0507017 
0.811005 4.57898 -2.02953 0.0423794 
0.810145 4.57727 -2.04667 0.034057 
0.809449 4.57595 -2.0638 0.0257347 
0.808986 4.57507 -2.04911 0.0138636 
0.808806 4.57472 -2.03442 0.00199248 
0.808892 4.5749 -2.01973 -0.00987861 
0.809229 4.57561 -2.00504 -0.0217497 
0.809802 4.57687 -1.99035 -0.0336208 
0.810593 4.57868 -1.97566 -0.0454919 
0.811588 4.58106 -1.96097 -0.057363 
0.81277 4.58399 -1.94628 -0.0692341 
0.814122 4.5875 -1.93159 -0.0811052 
0.815627 4.59158 -1.9169 -0.0929763 
0.817425 4.59626 -1.95655 -0.107687 
0.819696 4.60155 -1.9962 -0.122397 
0.822492 4.6074 -2.03586 -0.137108 
0.825861 4.61379 -2.07551 -0.151818 
0.829849 4.62068 -2.11516 -0.166529 
0.834499 4.62802 -2.15481 -0.181239 
0.839855 4.63578 -2.19447 -0.195949 
0.845956 4.64391 -2.23412 -0.21066 
0.852838 4.65237 -2.27377 -0.22537 
0.860537 4.66109 -2.31342 -0.240081 
0.868563 4.66954 -2.34824 -0.226028 
0.876377 4.67721 -2.38306 -0.211975 
0.883935 4.68413 -2.41788 -0.197922 
0.891195 4.69032 -2.4527 -0.183869 
0.898116 4.69583 -2.48752 -0.169817 
0.904659 4.70067 -2.52234 -0.155764 
0.910788 4.70488 -2.55716 -0.141711 
0.916467 4.7085 -2.59198 -0.127658 
0.9217 4.71174 -2.58247 -0.118565 
0.926908 4.71489 -2.61301 -0.124855 
0.932483 4.71803 -2.64355 -0.131144 
0.938431 4.72114 -2.67409 -0.137434 
0.944753 4.72421 -2.70463 -0.143723 
0.951453 4.72722 -2.73516 -0.150013 
0.958533 4.73014 -2.7657 -0.156302 
0.965856 4.73291 -2.79428 -0.156878 
0.973282 4.73548 -2.82285 -0.157454 
0.981195 4.73794 -2.8569 -0.174017 
0.989985 4.74035 -2.89094 -0.19058 
0.999658 4.74264 -2.92499 -0.207142 
1.01022 4.74478 -2.95903 -0.223705 
1.02166 4.74669 -2.99308 -0.240268 
1.03398 4.74831 -3.02713 -0.256831 
1.04717 4.7496 -3.06117 -0.273394 
1.06122 4.75049 -3.09522 -0.289957 
1.07613 4.75093 -3.12926 -0.306519 
1.09187 4.75085 -3.16331 -0.323082 
1.10797 4.7505 -3.16357 -0.321068 
1.12397 4.75014 -3.16382 -0.319054 
1.13986 4.74979 -3.16408 -0.31704 
1.15566 4.74943 -3.16433 -0.315027 
1.17136 4.74907 -3.16459 -0.313013 
1.18696 4.74871 -3.16485 -0.310999 
1.20245 4.74835 -3.1651 -0.308985 
1.21785 4.74799 -3.16536 -0.306971 
1.23314 4.74762 -3.16562 -0.304957 
1.24894 4.74724 -3.1651 -0.327203 
1.26585 4.74685 -3.16458 -0.349448 
1.28387 4.74644 -3.16406 -0.371693 
1.30301 4.74602 -3.16354 -0.393938 
1.32326 4.74558 -3.16302 -0.416184 
1.34462 4.74513 -3.1625 -0.438429 
1.36709 4.74466 -3.16198 -0.460674 
1.39068 4.74419 -3.16146 -0.48292 
1.41537 4.7437 -3.16094 -0.505165 
1.44118 4.74321 -3.16042 -0.52741 
1.46706 4.74331 -3.11467 -0.50759 
1.49191 4.74455 -3.06892 -0.487769 
1.51654 4.74615 -3.08454 -0.499714 
1.5418 4.74739 -3.10016 -0.511659 
1.56766 4.74826 -3.11578 -0.523604 
1.59414 4.74873 -3.1314 -0.535549 
1.62104 4.74884 -3.14389 -0.540485 
1.64818 4.74861 -3.15638 -0.545421 
1.67557 4.74803 -3.16886 -0.550356 
1.7032 4.74711 -3.18135 -0.555292 
1.73106 4.74582 -3.19384 -0.560227 
1.75914 4.74418 -3.20633 -0.565163 
1.78745 4.74216 -3.21882 -0.570098 
1.81598 4.73978 -3.23131 -0.575034 
1.84472 4.73701 -3.2438 -0.579969 
1.87367 4.73386 -3.25629 -0.584905 
1.90331 4.73029 -3.26644 -0.609102 
1.93309 4.72701 -3.23585 -0.589435 
1.96198 4.72472 -3.20527 -0.569768 
1.98994 4.72337 -3.17469 -0.550102 
2.01695 4.72288 -3.1441 -0.530435 
2.04298 4.72321 -3.11352 -0.510769 
2.06856 4.72375 -3.12764 -0.512713 
2.09424 4.72393 -3.14176 -0.514657 
2.12002 4.72374 -3.15588 -0.5166 
2.1459 4.72319 -3.17 -0.518544 
2.17185 4.72227 -3.18412 -0.520488 
2.1979 4.72098 -3.19824 -0.522432 
2.22401 4.71931 -3.21236 -0.524376 
2.2499 4.71717 -3.23586 -0.514572 
2.27524 4.71447 -3.25937 -0.504769 
2.30002 4.71125 -3.28287 -0.494966 
2.32424 4.70751 -3.30637 -0.485162 
2.34788 4.7033 -3.32987 -0.475359 
2.37093 4.69862 -3.35337 -0.465556 
2.39339 4.69352 -3.37687 -0.455752 
2.41525 4.68801 -3.40037 -0.445949 
2.4365 4.68212 -3.42387 -0.436146 
2.45713 4.67587 -3.44737 -0.426342 
2.47762 4.66991 -3.40215 -0.426958 
2.49777 4.66477 -3.38048 -0.405114 
2.51697 4.66031 -3.35882 -0.383271 
2.53519 4.65649 -3.33715 -0.361428 
2.55242 4.65327 -3.31549 -0.339585 
2.56863 4.6506 -3.29382 -0.317742 
2.58412 4.64825 -3.29047 -0.308968 
2.59919 4.64602 -3.28712 -0.300195 
2.61342 4.6438 -3.30541 -0.275882 
2.62641 4.64153 -3.3237 -0.25157 
2.63816 4.63926 -3.34199 -0.227258 
2.64868 4.63702 -3.36029 -0.202945 
2.65797 4.63487 -3.37858 -0.178633 
2.66605 4.63284 -3.39687 -0.154321 
2.67356 4.63107 -3.35093 -0.154729 
2.68118 4.62963 -3.305 -0.155138 
2.68887 4.62854 -3.25906 -0.155547 
2.69604 4.62786 -3.21248 -0.13254 
2.70208 4.62757 -3.1659 -0.109533 
2.70698 4.62756 -3.11932 -0.0865262 
2.71113 4.62775 -3.074 -0.0797399 
2.71493 4.62809 -3.02867 -0.0729537 
2.71838 4.62856 -2.98335 -0.0661674 
2.72147 4.62912 -2.93803 -0.0593811 
2.7242 4.62975 -2.89271 -0.0525949 
2.72628 4.63025 -2.92048 -0.0330351 
2.72848 4.63078 -2.88964 -0.057773 
2.73186 4.63171 -2.85881 -0.0825109 
2.7364 4.63311 -2.82798 -0.107249 
2.74206 4.63504 -2.79715 -0.131987 
2.74881 4.63759 -2.76632 -0.156725 
2.75663 4.64081 -2.73548 -0.181463 
2.76547 4.64478 -2.70465 -0.2062 
2.7753 4.64956 -2.67382 -0.230938 
2.78521 4.6543 -2.71758 -0.208884 
2.79432 4.65818 -2.76133 -0.18683 
2.80255 4.66127 -2.80509 -0.164777 
2.80985 4.66365 -2.84884 -0.142723 
2.81631 4.66555 -2.86242 -0.126509 
2.82201 4.66714 -2.87599 -0.110296 
2.82716 4.66851 -2.88615 -0.102813 
2.83196 4.66974 -2.8963 -0.0953307 
2.83641 4.67083 -2.90646 -0.087848 
2.8405 4.67179 -2.91661 -0.0803653 
2.84424 4.67263 -2.92677 -0.0728826 
2.84762 4.67335 -2.93693 -0.0653999 
2.85064 4.67396 -2.94708 -0.0579171 
2.8533 4.67447 -2.95724 -0.0504344 
2.8556 4.67489 -2.9674 -0.0429517 
2.85784 4.67533 -2.922 -0.048423 
2.86032 4.67595 -2.87661 -0.0538943 
2.86304 4.67675 -2.83121 -0.0593656 
2.86597 4.67777 -2.78582 -0.0648369 
2.86911 4.67902 -2.74042 -0.0703081 
2.87198 4.68027 -2.72088 -0.0547621 
2.87411 4.68125 -2.70134 -0.0392161 
2.87553 4.68193 -2.6818 -0.0236701 
2.87624 4.68229 -2.66225 -0.00812412 
2.87625 4.68229 -2.64271 0.00742188 
2.87559 4.68192 -2.62317 0.0229679 
2.87426 4.68115 -2.60363 0.0385139 
2.8723 4.67999 -2.61637 0.0527248 
2.8697 4.67851 -2.62912 0.0669356 
2.86646 4.67671 -2.64186 0.0811465 
2.8626 4.67455 -2.61875 0.0960227 
2.85815 4.67191 -2.59564 0.110899 
2.85313 4.66878 -2.57253 0.125775 
2.84756 4.66512 -2.54941 0.140651 
2.84183 4.66112 -2.51396 0.138813 
2.83633 4.65698 -2.47851 0.136975 
2.83104 4.65269 -2.44306 0.135136 
2.82598 4.64829 -2.40761 0.133298 
2.82114 4.64377 -2.37216 0.13146 
2.81654 4.63915 -2.33671 0.129621 
2.81216 4.63443 -2.30126 0.127783 
2.80801 4.62963 -2.26581 0.125945 
2.80409 4.62476 -2.23036 0.124106 
2.80041 4.61983 -2.19491 0.122268 
2.7972 4.61516 -2.14953 0.104267 
2.79468 4.61112 -2.10415 0.0862652 
2.79279 4.60775 -2.05876 0.0682638 
2.79146 4.6051 -2.01338 0.0502624 
2.79061 4.60322 -1.968 0.032261 
2.79019 4.60214 -1.92262 0.0142597 
2.7901 4.60189 -1.87723 -0.00374172 
2.79035 4.60262 -1.92706 -0.0269928 
2.79107 4.60441 -1.97689 -0.0502438 
2.79237 4.60721 -2.02672 -0.0734949 
2.79434 4.61098 -2.07655 -0.096746 
2.79709 4.61566 -2.12638 -0.119997 
2.8007 4.62116 -2.17621 -0.143248 
2.80527 4.62741 -2.22604 -0.166499 
2.81063 4.63454 -2.20357 -0.190419 
2.81652 4.64277 -2.18111 -0.214338 
2.82289 4.65212 -2.15865 -0.238257 
2.82971 4.66261 -2.13619 -0.262177 
2.83692 4.67426 -2.11373 -0.286096 
2.84448 4.68711 -2.09126 -0.310016 
2.85232 4.70117 -2.0688 -0.333935 
2.86041 4.71645 -2.04634 -0.357854 
2.86851 4.73288 -2.01144 -0.374693 
2.87637 4.75034 -1.97655 -0.391532 
2.88394 4.76885 -1.94165 -0.408371 
2.89115 4.7884 -1.90676 -0.425211 
2.89781 4.80848 -1.8759 -0.420763 
2.90379 4.82853 -1.84505 -0.416315 
2.90909 4.84854 -1.8142 -0.411867 
2.91372 4.86849 -1.78335 -0.407419 
2.91769 4.88836 -1.7525 -0.402971 
2.92101 4.90812 -1.72164 -0.398523 
2.92368 4.92775 -1.69079 -0.394075 
2.92573 4.94724 -1.65994 -0.389627 
2.92716 4.96656 -1.62909 -0.385179 
2.92806 4.98597 -1.60606 -0.392119 
2.92853 5.00574 -1.58303 -0.399058 
2.92855 5.02587 -1.56001 -0.405997 
2.92809 5.04633 -1.53698 -0.412936 
2.92715 5.06713 -1.51395 -0.419875 
2.9257 5.08825 -1.49093 -0.426814 
2.92374 5.10967 -1.4679 -0.433753 
2.92124 5.13139 -1.44487 -0.440692 
2.91897 5.15363 -1.49355 -0.453715 
2.91776 5.17661 -1.54222 -0.466737 
2.91766 5.20027 -1.59089 -0.47976 
2.91874 5.22456 -1.63956 -0.492782 
2.92107 5.24941 -1.68823 -0.505805 
2.92469 5.27477 -1.7369 -0.518827 
2.92966 5.30056 -1.78557 -0.531849 
2.93604 5.32671 -1.83424 -0.544872 
2.94387 5.35314 -1.88291 -0.557894 
2.95207 5.37925 -1.86696 -0.537024 
2.95955 5.4045 -1.85101 -0.516154 
2.96635 5.42885 -1.83505 -0.495284 
2.9725 5.4523 -1.8191 -0.474414 
2.97802 5.47483 -1.80315 -0.453543 
2.98342 5.49725 -1.81134 -0.468737 
2.98919 5.52035 -1.81953 -0.483932 
2.99534 5.54415 -1.82772 -0.499126 
3.00128 5.56778 -1.80632 -0.475537 
3.00682 5.59051 -1.81351 -0.460358 
3.01234 5.61247 -1.82071 -0.445179 
3.01783 5.63365 -1.8279 -0.43 
3.02276 5.65393 -1.79063 -0.405078 
3.02669 5.67316 -1.75336 -0.380156 
3.02969 5.6913 -1.71609 -0.355234 
3.03218 5.70914 -1.70245 -0.365281 
3.03448 5.72751 -1.68881 -0.375328 
3.03659 5.74641 -1.67517 -0.385376 
3.03849 5.76584 -1.66153 -0.395423 
3.04033 5.78557 -1.66608 -0.397166 
3.04227 5.80538 -1.67062 -0.398909 
3.04431 5.82526 -1.67517 -0.400652 
3.04645 5.84522 -1.67972 -0.402395 
3.04868 5.86526 -1.68426 -0.404138 
3.05102 5.88538 -1.68881 -0.405881 
3.05346 5.90557 -1.69336 -0.407625 
3.05601 5.92583 -1.6979 -0.409368 
3.05865 5.94617 -1.70245 -0.411111 
3.06168 5.96692 -1.72882 -0.427728 
3.0654 5.98841 -1.7552 -0.444345 
3.06984 6.0106 -1.78158 -0.460961 
3.07506 6.03347 -1.80795 -0.477578 
3.08108 6.05701 -1.83433 -0.494195 
3.08728 6.08034 -1.82697 -0.471289 
3.09302 6.1026 -1.81962 -0.448383 
3.09833 6.12379 -1.81226 -0.425477 
3.1032 6.14391 -1.80491 -0.402571 
3.10767 6.16295 -1.79755 -0.379665 
3.11174 6.1809 -1.7902 -0.356759 
3.11544 6.19777 -1.78284 -0.333853 
3.11935 6.21418 -1.82612 -0.341075 
3.12406 6.23076 -1.86941 -0.348296 
3.1296 6.24746 -1.91269 -0.355518 
3.13599 6.26424 -1.95597 -0.36274 
3.14324 6.28106 -1.99925 -0.369961 
3.15136 6.29787 -2.04253 -0.377183 
3.16038 6.31464 -2.08582 -0.384404 
3.1703 6.33131 -2.1291 -0.391626 
3.18113 6.34784 -2.17238 -0.398848 
3.19195 6.36418 -2.13919 -0.384898 
3.20186 6.38027 -2.10601 -0.370948 
3.21088 6.39607 -2.07282 -0.356998 
3.21905 6.41155 -2.03963 -0.343048 
3.22639 6.42666 -2.00644 -0.329098 
3.23294 6.44137 -1.97326 -0.315149 
3.23875 6.45565 -1.94007 -0.301199 
3.24413 6.46945 -1.94502 -0.291471 
3.2494 6.48278 -1.94998 -0.281742 
3.25455 6.49562 -1.95493 -0.272014 
3.25959 6.508 -1.95989 -0.262286 
3.2645 6.51989 -1.96484 -0.252558 
3.26929 6.53132 -1.96979 -0.24283 
3.27394 6.54227 -1.97475 -0.233101 
3.27865 6.55273 -2.01362 -0.225732 
3.28375 6.56296 -2.05235 -0.231759 
3.28938 6.57326 -2.09108 -0.237786 
3.29557 6.58359 -2.12981 -0.243814 
3.30232 6.59392 -2.16854 -0.249841 
3.30964 6.60423 -2.20727 -0.255868 
3.31753 6.61449 -2.246 -0.261895 
3.32544 6.62445 -2.23801 -0.247003 
3.33282 6.63389 -2.23002 -0.23211 
3.33966 6.64279 -2.22203 -0.217218 
3.34599 6.65116 -2.21404 -0.202326 
3.3518 6.65898 -2.20605 -0.187433 
3.35711 6.66624 -2.19806 -0.172541 
3.36193 6.67295 -2.19007 -0.157648 
3.36627 6.67908 -2.18208 -0.142756 
3.37001 6.68449 -2.17035 -0.120705 
3.37308 6.68904 -2.15861 -0.0986544 
3.3759 6.69334 -2.14148 -0.106914 
3.37885 6.69804 -2.12435 -0.115174 
3.38195 6.70314 -2.10722 -0.123434 
3.38516 6.70865 -2.09009 -0.131694 
3.38848 6.71457 -2.07296 -0.139953 
3.39189 6.72092 -2.05583 -0.148213 
3.39538 6.72769 -2.0387 -0.156473 
3.39909 6.7348 -2.06364 -0.164346 
3.40316 6.74216 -2.08858 -0.172219 
3.40762 6.74976 -2.11352 -0.180092 
3.41247 6.75758 -2.13846 -0.187964 
3.41773 6.7656 -2.1634 -0.195837 
3.42341 6.77382 -2.18834 -0.20371 
3.42953 6.78221 -2.21329 -0.211583 
3.43609 6.79075 -2.23823 -0.219456 
3.44312 6.79944 -2.26317 -0.227329 
3.44999 6.80771 -2.26461 -0.202934 
3.45609 6.81504 -2.26605 -0.178539 
3.46143 6.82142 -2.26749 -0.154144 
3.46598 6.82686 -2.26893 -0.129749 
3.46976 6.83136 -2.27037 -0.105354 
3.47277 6.83492 -2.27181 -0.0809592 
3.47499 6.83755 -2.27325 -0.0565643 
3.47642 6.83924 -2.2747 -0.0321693 
3.47707 6.84 -2.27614 -0.00777438 
3.47709 6.84003 -2.31482 0.00620897 
3.47695 6.83988 -2.35651 0.00209499 
3.47695 6.83988 -2.39821 -0.002019 
3.4771 6.84002 -2.43991 -0.00613299 
3.47742 6.84027 -2.4816 -0.010247 
3.47791 6.84064 -2.5233 -0.014361 
3.47859 6.8411 -2.565 -0.018475 
3.47946 6.84164 -2.60669 -0.0225889 
3.48054 6.84225 -2.64839 -0.0267029 
3.48151 6.84279 -2.60719 -0.0180001 
3.48209 6.84315 -2.566 -0.00929719 
3.4823 6.84329 -2.5248 -0.000594319 
3.48215 6.84318 -2.4836 0.00810855 
3.48166 6.84279 -2.4424 0.0168114 
3.48087 6.84209 -2.40121 0.0255143 
3.47979 6.84106 -2.36001 0.0342172 
3.47845 6.83967 -2.31881 0.04292 
3.47688 6.8379 -2.27762 0.0516229 
3.47491 6.83553 -2.25102 0.0716944 
3.47238 6.83232 -2.22442 0.0917659 
3.46935 6.82823 -2.19782 0.111837 
3.46584 6.82325 -2.17122 0.131909 
3.46191 6.81734 -2.14462 0.15198 
3.4576 6.81048 -2.11802 0.172052 
3.4532 6.80292 -2.0789 0.177731 
3.44897 6.79495 -2.03979 0.183411 
3.44492 6.78657 -2.00068 0.18909 
3.44109 6.77777 -1.96157 0.194769 
3.43751 6.76856 -1.92245 0.200449 
3.4342 6.75895 -1.88334 0.206128 
3.43118 6.74895 -1.84423 0.211807 
3.42849 6.73856 -1.80511 0.217487 
3.42614 6.7278 -1.766 0.223166 
3.42417 6.71667 -1.72689 0.228846 
3.42211 6.70524 -1.7712 0.235599 
3.41947 6.69359 -1.81552 0.242352 
3.41623 6.68174 -1.85983 0.249105 
3.41236 6.66972 -1.90415 0.255858 
3.40844 6.65764 -1.86386 0.252428 
3.40507 6.64557 -1.82358 0.248997 
3.40221 6.63354 -1.78329 0.245566 
3.39988 6.62157 -1.743 0.242136 
3.39806 6.60969 -1.70272 0.238705 
3.39674 6.59791 -1.66243 0.235275 
3.39591 6.58627 -1.62215 0.231844 
3.39552 6.57427 -1.58438 0.248391 
3.39559 6.56143 -1.54662 0.264939 
3.39618 6.54779 -1.50885 0.281486 
3.39735 6.53335 -1.47109 0.298033 
3.39918 6.51842 -1.4269 0.303432 
3.40171 6.50333 -1.38271 0.308831 
3.40503 6.48774 -1.33974 0.328866 
3.40927 6.47133 -1.29676 0.348901 
3.4145 6.45417 -1.25379 0.368935 
3.42079 6.4363 -1.21081 0.38897 
3.42822 6.41779 -1.16784 0.409005 
3.43685 6.3987 -1.12487 0.429039 
3.44674 6.3791 -1.08189 0.449074 
3.45741 6.35871 -1.09576 0.471476 
3.4683 6.33717 -1.10962 0.493878 
3.47938 6.31448 -1.12349 0.516281 
3.49062 6.29062 -1.13735 0.538683 
3.50199 6.26559 -1.15122 0.561085 
3.51349 6.23973 -1.15318 0.570793 
3.52514 6.21341 -1.15515 0.580501 
3.53693 6.18663 -1.15711 0.590209 
3.54887 6.15937 -1.15907 0.599917 
3.56094 6.13165 -1.16104 0.609625 
3.57331 6.10447 -1.12581 0.584837 
3.58608 6.07886 -1.09059 0.560048 
3.59916 6.0548 -1.05536 0.53526 
3.61244 6.03228 -1.02014 0.510471 
3.62584 6.01129 -0.984911 0.485682 
3.63926 5.9918 -0.949685 0.460894 
3.65291 5.97281 -0.946042 0.47446 
3.66701 5.95332 -0.942398 0.488026 
3.68159 5.93333 -0.938754 0.501592 
3.69665 5.91285 -0.93511 0.515158 
3.71218 5.89188 -0.931467 0.528724 
3.7282 5.87042 -0.927823 0.54229 
3.7447 5.84848 -0.924179 0.555856 
3.76169 5.82606 -0.920535 0.569422 
3.77925 5.80327 -0.908177 0.581506 
3.79746 5.78022 -0.895819 0.593591 
3.81634 5.75693 -0.88346 0.605675 
3.8359 5.73341 -0.871102 0.617759 
3.85613 5.70967 -0.858744 0.629843 
3.87705 5.68573 -0.846385 0.641928 
3.89867 5.66161 -0.834027 0.654012 
3.921 5.6373 -0.821668 0.666096 
3.94404 5.61283 -0.80931 0.67818 
3.96793 5.5885 -0.779777 0.686016 
3.99282 5.56461 -0.750245 0.693851 
4.01869 5.5412 -0.720712 0.701687 
4.04553 5.51832 -0.69118 0.709523 
4.07335 5.49599 -0.661647 0.717358 
4.10213 5.47425 -0.632115 0.725194 
4.13185 5.45315 -0.602582 0.73303 
4.16252 5.43272 -0.57305 0.740865 
4.19374 5.4118 -0.60742 0.762757 
4.22512 5.38917 -0.641789 0.784648 
4.25657 5.36481 -0.676159 0.806539 
4.288 5.33869 -0.710529 0.828431 
4.31934 5.31077 -0.744899 0.850322 
4.3509 5.28148 -0.751205 0.872368 
4.38289 5.25158 -0.752179 0.878983 
4.41463 5.2214 -0.768374 0.873074 
4.44567 5.19091 -0.78457 0.867165 
4.476 5.16013 -0.800766 0.861255 
4.50562 5.12908 -0.816962 0.855346 
4.53454 5.09778 -0.833158 0.849436 
4.56275 5.06623 -0.849354 0.843527 
4.59025 5.03445 -0.86555 0.837618 
4.61705 5.00245 -0.881746 0.831708 
4.64313 4.97026 -0.897942 0.825799 
4.66851 4.93787 -0.914138 0.819889 
4.69274 4.9052 -0.951693 0.80716 
4.71536 4.87216 -0.989249 0.794431 
4.73638 4.83884 -1.02681 0.781702 
4.75582 4.8053 -1.06436 0.768973 
4.77368 4.77162 -1.10192 0.756244 
4.79 4.73786 -1.13947 0.743515 
4.80478 4.7041 -1.17703 0.730786 
4.81804 4.6704 -1.21459 0.718057 
4.83026 4.63728 -1.22043 0.693862 
4.84186 4.60523 -1.22627 0.669666 
4.85288 4.57425 -1.23211 0.64547 
4.86331 4.54435 -1.23795 0.621274 
4.87318 4.51553 -1.24379 0.597078 
4.88215 4.48729 -1.28298 0.588437 
4.88989 4.45913 -1.32217 0.579795 
4.89643 4.43111 -1.36136 0.571154 
4.90177 4.40328 -1.40055 0.562512 
4.90596 4.37569 -1.43974 0.55387 
4.9096 4.34771 -1.4434 0.574805 
4.91326 4.31867 -1.44707 0.595741 
4.91695 4.28859 -1.45073 0.616676 
4.92065 4.25745 -1.45439 0.637611 
4.92396 4.22514 -1.48256 0.661677 
4.92646 4.19154 -1.51074 0.685743 
4.92806 4.15669 -1.53891 0.709808 
4.9287 4.12061 -1.56709 0.733874 
4.92831 4.08332 -1.59526 0.75794 
4.92682 4.04485 -1.62343 0.782005 
4.92483 4.00619 -1.62083 0.766459 
4.92298 3.9683 -1.61823 0.750912 
4.92127 3.93118 -1.61562 0.735365 
4.91969 3.89484 -1.61302 0.719818 
4.91823 3.85926 -1.61041 0.704271 
4.9169 3.82446 -1.60781 0.688725 
4.91568 3.79044 -1.60521 0.673178 
4.91458 3.75719 -1.6026 0.657631 
4.91352 3.72479 -1.60452 0.638726 
4.91243 3.69335 -1.60644 0.61982 
4.91131 3.66285 -1.60835 0.600915 
4.91017 3.6333 -1.61027 0.582009 
4.90902 3.6047 -1.61219 0.563104 
4.90784 3.57704 -1.6141 0.544198 
4.90666 3.55033 -1.61602 0.525293 
4.90519 3.52462 -1.63988 0.504724 
4.90319 3.49998 -1.66374 0.484156 
4.90072 3.47642 -1.68761 0.463587 
4.89781 3.45394 -1.71147 0.443019 
4.89452 3.43255 -1.73533 0.42245 
4.8909 3.41227 -1.7592 0.401882 
4.88701 3.39308 -1.78306 0.381313 
4.88289 3.37499 -1.80692 0.360745 
4.87859 3.358 -1.83078 0.340176 
4.87413 3.34181 -1.84869 0.331778 
4.86949 3.3261 -1.86659 0.32338 
4.8647 3.31088 -1.88449 0.314981 
4.85978 3.29614 -1.90239 0.306583 
4.85473 3.28189 -1.92029 0.298185 
4.84957 3.26812 -1.9382 0.289787 
4.84432 3.25484 -1.9561 0.281388 
4.839 3.24205 -1.974 0.27299 
4.83362 3.22973 -1.9919 0.264592 
4.82819 3.2179 -2.0098 0.256194 
4.82314 3.20666 -1.97648 0.236877 
4.81882 3.19614 -1.94316 0.21756 
4.8152 3.1864 -1.90984 0.198243 
4.81221 3.17746 -1.87651 0.178927 
4.8098 3.16935 -1.84319 0.15961 
4.8079 3.1621 -1.80987 0.140293 
4.80627 3.15564 -1.82622 0.125859 
4.80473 3.14992 -1.84256 0.111425 
4.80329 3.14491 -1.85891 0.0969913 
4.80198 3.14062 -1.87525 0.0825574 
4.80082 3.13703 -1.8916 0.0681235 
4.79984 3.13415 -1.90794 0.0536896 
4.79905 3.13196 -1.92429 0.0392557 
4.79849 3.13046 -1.94063 0.0248219 
4.79816 3.12964 -1.95698 0.010388 
4.7981 3.1295 -1.97332 -0.00404589 
4.79827 3.12989 -1.96668 -0.0128772 
4.7986 3.13069 -1.96003 -0.0217086 
4.79909 3.1319 -1.95338 -0.0305399 
4.79974 3.13352 -1.94673 -0.0393713 
4.8006 3.13576 -1.93281 -0.0564699 
4.80173 3.1388 -1.91888 -0.0735685 
4.8031 3.14267 -1.90495 -0.0906671 
4.80469 3.14737 -1.89102 -0.107766 
4.80648 3.1529 -1.8771 -0.124864 
4.80845 3.15928 -1.86317 -0.141963 
4.81067 3.16633 -1.88828 -0.153729 
4.81326 3.17388 -1.9134 -0.165496 
4.81624 3.18191 -1.93851 -0.177262 
4.81954 3.19054 -1.93402 -0.192349 
4.82307 3.19989 -1.92953 -0.207437 
4.82682 3.20997 -1.92504 -0.222524 
4.83079 3.22076 -1.92056 -0.237612 
4.83496 3.23229 -1.91607 -0.252699 
4.83934 3.24454 -1.91158 -0.267786 
4.84391 3.25753 -1.90709 -0.282874 
4.84865 3.27092 -1.91479 -0.285537 
4.85354 3.28441 -1.92249 -0.2882 
4.85858 3.29798 -1.93019 -0.290862 
4.86394 3.31143 -1.96937 -0.288152 
4.86981 3.32453 -2.015 -0.286305 
4.87623 3.33727 -2.06063 -0.284457 
4.88318 3.34963 -2.10627 -0.282609 
4.89064 3.36157 -2.1519 -0.280762 
4.89859 3.37309 -2.19753 -0.278914 
4.907 3.38415 -2.24316 -0.277066 
4.9161 3.39539 -2.26007 -0.301563 
4.92618 3.40742 -2.27697 -0.326059 
4.93727 3.42019 -2.29388 -0.350556 
4.94939 3.43369 -2.31078 -0.375052 
4.96257 3.44788 -2.32768 -0.399549 
4.97683 3.46273 -2.34459 -0.424045 
4.99221 3.4782 -2.36149 -0.448542 
5.00833 3.49344 -2.40705 -0.439123 
5.02478 3.50763 -2.45262 -0.429705 
5.04148 3.52076 -2.49818 -0.420286 
5.05802 3.53282 -2.52535 -0.398428 
5.07398 3.5438 -2.55253 -0.37657 
5.08932 3.55376 -2.5797 -0.354711 
5.10398 3.56272 -2.60687 -0.332853 
5.11794 3.57073 -2.63404 -0.310995 
5.13115 3.57785 -2.66122 -0.289136 
5.14357 3.58411 -2.68839 -0.267278 
5.15517 3.58957 -2.71556 -0.245419 
5.16591 3.59427 -2.74274 -0.223561 
5.17651 3.59879 -2.73429 -0.237614 
5.18772 3.60369 -2.72585 -0.251667 
5.19953 3.60896 -2.71741 -0.26572 
5.21194 3.61462 -2.70897 -0.279773 
5.22493 3.62069 -2.70053 -0.293826 
5.23786 3.62687 -2.69169 -0.279245 
5.25008 3.63283 -2.68285 -0.264663 
5.26159 3.63858 -2.67401 -0.250082 
5.27241 3.6441 -2.66517 -0.235501 
5.28252 3.64938 -2.65633 -0.22092 
5.29195 3.6544 -2.64749 -0.206339 
5.30069 3.65916 -2.63865 -0.191757 
5.30875 3.66364 -2.62981 -0.177176 
5.31614 3.66783 -2.62097 -0.162595 
5.32286 3.67172 -2.61213 -0.148014 
5.32974 3.67559 -2.64678 -0.167894 
5.33764 3.67967 -2.68144 -0.187773 
5.34658 3.68391 -2.71609 -0.207653 
5.35656 3.68822 -2.75075 -0.227533 
5.36762 3.69255 -2.7854 -0.247413 
5.3796 3.69708 -2.77621 -0.264973 
5.39236 3.70203 -2.76703 -0.282533 
5.40589 3.70742 -2.75784 -0.300093 
5.42019 3.71327 -2.74865 -0.317654 
5.43524 3.71959 -2.73947 -0.335214 
5.45103 3.72639 -2.73028 -0.352774 
5.46757 3.73369 -2.72109 -0.370335 
5.48474 3.74099 -2.75812 -0.376161 
5.50245 3.74776 -2.79515 -0.381987 
5.52067 3.75396 -2.83218 -0.387814 
5.53938 3.75956 -2.86921 -0.39364 
5.55857 3.76454 -2.90624 -0.399467 
5.57822 3.76886 -2.94326 -0.405293 
5.5983 3.77251 -2.98029 -0.411119 
5.61846 3.77597 -2.96356 -0.407093 
5.63836 3.77923 -2.9948 -0.399587 
5.65798 3.78182 -3.02604 -0.392081 
5.6773 3.78376 -3.05728 -0.384575 
5.6963 3.78506 -3.08852 -0.377069 
5.71495 3.78576 -3.11977 -0.369563 
5.73324 3.78588 -3.15101 -0.362057 
5.75115 3.78543 -3.18225 -0.354551 
5.76866 3.78444 -3.21349 -0.347045 
5.78576 3.78295 -3.24473 -0.339539 
5.80243 3.78096 -3.27597 -0.332032 
5.81931 3.77886 -3.25419 -0.348586 
5.83706 3.77705 -3.23241 -0.36514 
5.85567 3.77556 -3.21063 -0.381694 
5.87514 3.77443 -3.18885 -0.398248 
5.89545 3.77369 -3.16708 -0.414802 
5.9166 3.77339 -3.1453 -0.431356 
5.93858 3.77355 -3.12352 -0.44791 
5.96151 3.77386 -3.1323 -0.469237 
5.9855 3.77398 -3.14109 -0.490564 
6.01057 3.77388 -3.14987 -0.511891 
6.03669 3.77355 -3.15866 -0.533218 
6.06361 3.77255 -3.19847 -0.544457 
6.09103 3.77044 -3.23827 -0.555696 
6.11891 3.76717 -3.27808 -0.566935 
6.14718 3.76271 -3.31789 -0.578174 
6.17581 3.75702 -3.3577 -0.589412 
6.20473 3.75006 -3.39751 -0.600651 
6.2339 3.7418 -3.43731 -0.61189 
6.26325 3.73222 -3.47712 -0.623129 
6.29272 3.72128 -3.51693 -0.634368 
6.32225 3.70896 -3.55674 -0.645607 
6.35156 3.69574 -3.57329 -0.640666 
6.38043 3.68215 -3.58985 -0.635725 
6.40885 3.6682 -3.60641 -0.630785 
6.43682 3.65388 -3.62297 -0.625844 
6.46433 3.63922 -3.63952 -0.620903 
6.49137 3.62423 -3.65608 -0.615962 
6.51795 3.60892 -3.67264 -0.611022 
6.54406 3.59329 -3.68919 -0.606081 
6.56936 3.57751 -3.70908 -0.586663 
6.59353 3.56177 -3.72896 -0.567246 
6.61658 3.54609 -3.74884 -0.547828 
6.63852 3.53052 -3.76872 -0.528411 
6.65937 3.5151 -3.7886 -0.508993 
6.67914 3.49985 -3.80849 -0.489576 
6.69784 3.48483 -3.82837 -0.470159 
6.7155 3.47005 -3.84825 -0.450741 
6.73238 3.45496 -3.89428 -0.454804 
6.74868 3.43897 -3.94032 -0.458867 
6.76437 3.42209 -3.98635 -0.46293 
6.7794 3.40436 -4.03239 -0.466993 
6.79372 3.38579 -4.07842 -0.471056 
6.80729 3.36642 -4.12445 -0.475119 
6.82006 3.34627 -4.17049 -0.479182 
6.83199 3.32538 -4.21652 -0.483245 
6.84319 3.30395 -4.24488 -0.483722 
6.85366 3.28256 -4.26994 -0.469018 
6.86328 3.26158 -4.29501 -0.454313 
6.87208 3.24104 -4.32008 -0.439608 
6.88009 3.22096 -4.34514 -0.424904 
6.88735 3.20139 -4.37021 -0.410199 
6.89387 3.18233 -4.39528 -0.395494 
6.89969 3.16382 -4.42034 -0.380789 
6.90484 3.14587 -4.44541 -0.366085 
6.90936 3.12851 -4.47047 -0.35138 
6.91327 3.11176 -4.49554 -0.336675 
6.91667 3.09577 -4.51077 -0.317513 
6.91964 3.08066 -4.526 -0.29835 
6.92221 3.06645 -4.54123 -0.279187 
6.92447 3.05306 -4.54913 -0.263907 
6.9265 3.04041 -4.55703 -0.248627 
6.92832 3.0285 -4.56494 -0.233347 
6.92993 3.01733 -4.57284 -0.218067 
6.93136 3.00691 -4.58074 -0.202787 
6.9326 2.99723 -4.58864 -0.187507 
6.93359 2.9878 -4.62705 -0.19191 
6.9342 2.97764 -4.67612 -0.215099 
6.93433 2.96631 -4.72519 -0.238288 
6.93386 2.95382 -4.77427 -0.261476 
6.93268 2.94022 -4.82334 -0.284665 
6.93092 2.92672 -4.86043 -0.259819 
6.92906 2.91428 -4.86196 -0.243514 
6.92729 2.90264 -4.86349 -0.227208 
6.92564 2.89182 -4.86502 -0.210903 
6.92404 2.88127 -4.86065 -0.215665 
6.92245 2.87049 -4.85628 -0.220427 
6.92088 2.85946 -4.8519 -0.225189 
6.91932 2.84819 -4.84753 -0.229951 
6.91778 2.83667 -4.84316 -0.234713 
6.91626 2.82492 -4.83878 -0.239475 
6.91476 2.81292 -4.83441 -0.244237 
6.91329 2.80067 -4.83003 -0.248999 
6.91184 2.78819 -4.82566 -0.253761 
6.91054 2.77512 -4.79724 -0.271461 
6.90956 2.76114 -4.76883 -0.289161 
6.90893 2.74626 -4.74041 -0.306861 
6.90871 2.73047 -4.712 -0.324561 
6.9085 2.71374 -4.73818 -0.344702 
6.90781 2.69602 -4.76437 -0.364843 
6.90659 2.67731 -4.79055 -0.384983 
6.90478 2.65764 -4.81674 -0.405124 
6.90235 2.63703 -4.84293 -0.425264 
6.89923 2.61549 -4.86911 -0.445405 
6.89622 2.593 -4.82269 -0.462153 
6.89417 2.56957 -4.77627 -0.478901 
6.89319 2.54522 -4.72984 -0.495649 
6.89333 2.52003 -4.68342 -0.512397 
6.89469 2.49402 -4.637 -0.529145 
6.89615 2.46716 -4.67936 -0.547293 
6.89648 2.43934 -4.72173 -0.565441 
6.8956 2.41063 -4.76409 -0.583589 
6.89344 2.38108 -4.80645 -0.601737 
6.88992 2.35074 -4.84882 -0.619884 
6.88498 2.31969 -4.89118 -0.638032 
6.87862 2.28881 -4.94004 -0.623066 
6.87095 2.25901 -4.98891 -0.6081 
6.86205 2.23033 -5.03777 -0.593134 
6.85202 2.20282 -5.08663 -0.578168 
6.84095 2.17653 -5.13549 -0.563201 
6.82893 2.15148 -5.18435 -0.548235 
6.81704 2.12726 -5.15287 -0.531011 
6.80627 2.10346 -5.12139 -0.513788 
6.79659 2.08013 -5.08991 -0.496564 
6.78757 2.05748 -5.09302 -0.478839 
6.7788 2.03567 -5.09613 -0.461114 
6.77031 2.01472 -5.09923 -0.44339 
6.76208 1.99461 -5.10234 -0.425665 
6.75413 1.97535 -5.10545 -0.40794 
6.74645 1.95693 -5.10856 -0.390215 
6.73907 1.93935 -5.11167 -0.37249 
6.73163 1.92229 -5.1361 -0.371999 
6.72378 1.90544 -5.16054 -0.371507 
6.71553 1.88881 -5.18497 -0.371016 
6.70689 1.87241 -5.20941 -0.370525 
6.69786 1.85624 -5.23384 -0.370033 
6.68846 1.84033 -5.25828 -0.369542 
6.67868 1.82466 -5.28271 -0.369051 
6.66886 1.8091 -5.26803 -0.367082 
6.65932 1.79348 -5.25335 -0.365114 
6.65006 1.7778 -5.23866 -0.363145 
6.64069 1.76247 -5.2829 -0.355552 
6.63087 1.74788 -5.32713 -0.347958 
6.62064 1.73405 -5.37137 -0.340364 
6.60976 1.72065 -5.41752 -0.35016 
6.59794 1.7074 -5.46368 -0.359955 
6.58518 1.69437 -5.50983 -0.369751 
6.57148 1.6816 -5.55599 -0.379547 
6.55683 1.66915 -5.60215 -0.389343 
6.54123 1.6571 -5.6483 -0.399138 
6.5247 1.6455 -5.69446 -0.408934 
6.50723 1.63442 -5.74061 -0.41873 
6.48884 1.6239 -5.78677 -0.428526 
6.47005 1.61423 -5.82864 -0.416978 
6.4514 1.60559 -5.87052 -0.40543 
6.43293 1.59796 -5.9124 -0.393882 
6.4147 1.5913 -5.95428 -0.382334 
6.39676 1.58559 -5.99615 -0.370786 
6.37916 1.58079 -6.03803 -0.359238 
6.36193 1.57686 -6.07991 -0.34769 
6.34512 1.57376 -6.12178 -0.336142 
6.32899 1.57138 -6.15182 -0.316019 
6.31379 1.5696 -6.18186 -0.295897 
6.29956 1.56837 -6.2119 -0.275775 
6.28629 1.56762 -6.24194 -0.255653 
6.27402 1.56729 -6.27198 -0.235531 
6.26274 1.56733 -6.30202 -0.215409 
6.25248 1.56768 -6.33205 -0.195287 
6.24324 1.56827 -6.36209 -0.175165 
6.2348 1.56906 -6.39184 -0.163963 
6.2268 1.5701 -6.43248 -0.158692 
6.21955 1.57135 -6.47818 -0.135563 
6.2135 1.57269 -6.52388 -0.112433 
6.20863 1.574 -6.56958 -0.0893038 
6.20493 1.57518 -6.61528 -0.0661744 
6.20236 1.57612 -6.66098 -0.0430451 
6.20091 1.57673 -6.70668 -0.0199157 
6.20053 1.57691 -6.75238 0.00321374 
6.20118 1.57655 -6.79808 0.0263431 
6.20281 1.57558 -6.84378 0.0494725 
6.2044 1.57461 -6.81357 0.0251786 
6.20497 1.57428 -6.78336 0.000884733 
6.20447 1.57454 -6.75315 -0.0234092 
6.20391 1.57483 -6.78057 -0.00159706 
6.20432 1.5746 -6.80798 0.020215 
6.20565 1.5738 -6.83539 0.0420271 
6.20789 1.57238 -6.86281 0.0638392 
6.21098 1.57029 -6.89022 0.0856513 
6.21491 1.56748 -6.91763 0.107463 
6.21962 1.5639 -6.94505 0.129276 
6.22509 1.55952 -6.97246 0.151088 
6.23052 1.55499 -6.98574 0.131612 
6.23514 1.55102 -6.99902 0.112136 
6.23898 1.54764 -7.01229 0.0926606 
6.24206 1.54486 -7.02557 0.0731849 
6.24438 1.5427 -7.03885 0.0537092 
6.24597 1.54118 -7.05213 0.0342335 
6.24685 1.54032 -7.0654 0.0147578 
6.24703 1.54014 -7.07868 -0.00471784 
6.24652 1.54067 -7.09196 -0.0241935 
6.24561 1.54165 -7.12444 -0.0296553 
6.24455 1.54288 -7.15691 -0.035117 
6.24355 1.54411 -7.18717 -0.0284943 
6.24279 1.54511 -7.21743 -0.0218717 
6.24224 1.54587 -7.24769 -0.015249 
6.24191 1.54636 -7.27794 -0.00862639 
6.24177 1.54659 -7.3082 -0.00200374 
6.24171 1.54669 -7.35537 -0.00269909 
6.24175 1.54662 -7.36995 0.00598528 
6.24199 1.54616 -7.38454 0.0146696 
6.24241 1.54531 -7.39912 0.023354 
6.24301 1.54406 -7.4137 0.0320384 
6.24377 1.54241 -7.42829 0.0407227 
6.24469 1.54035 -7.44287 0.0494071 
6.24574 1.53788 -7.45745 0.0580915 
6.24692 1.53499 -7.47204 0.0667758 
6.24823 1.53168 -7.48662 0.0754602 
6.24972 1.52785 -7.47749 0.0891462 
6.25151 1.52339 -7.46836 0.102832 
6.25359 1.51832 -7.45923 0.116518 
6.25599 1.51264 -7.45009 0.130204 
6.25871 1.50635 -7.44096 0.14389 
6.26177 1.49946 -7.43183 0.157576 
6.26517 1.49198 -7.4227 0.171262 
6.26879 1.48372 -7.45829 0.189302 
6.27245 1.4745 -7.49389 0.207341 
6.27608 1.46431 -7.52948 0.225381 
6.27961 1.45314 -7.56507 0.243421 
6.28299 1.44098 -7.60067 0.26146 
6.28614 1.42783 -7.63626 0.2795 
6.28901 1.41369 -7.67185 0.29754 
6.29151 1.39857 -7.70745 0.315579 
6.29359 1.38247 -7.74304 0.333619 
6.29518 1.36542 -7.77863 0.351659 
6.29672 1.34781 -7.75518 0.355153 
6.29869 1.33008 -7.73172 0.358648 
6.3011 1.31222 -7.70826 0.362143 
6.30395 1.29425 -7.68481 0.365637 
6.30725 1.27618 -7.66135 0.369132 
6.31052 1.25816 -7.68812 0.363635 
6.31326 1.24032 -7.71489 0.358137 
6.31549 1.22269 -7.74166 0.35264 
6.31722 1.20529 -7.76843 0.347143 
6.31846 1.18811 -7.79519 0.341645 
6.31923 1.17118 -7.82196 0.336148 
6.31954 1.15452 -7.84873 0.330651 
6.31941 1.13812 -7.8755 0.325154 
6.31885 1.12201 -7.90227 0.319656 

