SE2 0.2
0.5 6 0 0 
0.499377 6.00001 -0.0348746 -0.0249286 
0.49751 6.00012 -0.0697492 -0.0498573 
0.494406 6.00039 -0.104624 -0.0747859 
0.490077 6.00093 -0.139498 -0.0997146 
0.484538 6.00181 -0.174373 -0.124643 
0.477956 6.00293 -0.164714 -0.142442 
0.470486 6.00414 -0.155055 -0.160241 
0.462124 6.0054 -0.145396 -0.178039 
0.452869 6.00671 -0.135737 -0.195838 
0.443363 6.00824 -0.183255 -0.189315 
0.43426 6.01015 -0.230772 -0.182792 
0.425573 6.01241 -0.27829 -0.176269 
0.417315 6.01498 -0.325808 -0.169746 
0.409494 6.01783 -0.373326 -0.163223 
0.402119 6.02092 -0.420844 -0.1567 
0.395193 6.02422 -0.468362 -0.150177 
0.388718 6.02769 -0.51588 -0.143654 
0.383013 6.03108 -0.557991 -0.121865 
0.378367 6.03411 -0.600102 -0.100076 
0.374739 6.0367 -0.642213 -0.0782876 
0.372082 6.03878 -0.684324 -0.0564989 
0.370343 6.04025 -0.726435 -0.0347102 
0.369467 6.04106 -0.768546 -0.0129215 
0.36939 6.04113 -0.724444 0.00856804 
0.37013 6.04051 -0.680342 0.0300576 
0.371746 6.03927 -0.636239 0.0515472 
0.374293 6.03748 -0.592137 0.0730367 
0.377822 6.03522 -0.548035 0.0945263 
0.381567 6.03283 -0.588628 0.0831701 
0.384746 6.03062 -0.629222 0.0718139 
0.38738 6.02862 -0.669815 0.0604578 
0.389493 6.02688 -0.710408 0.0491016 
0.391112 6.02543 -0.751002 0.0377454 
0.392262 6.02431 -0.791595 0.0263892 
0.392976 6.02356 -0.832188 0.015033 
0.393286 6.02321 -0.872782 0.00367684 
0.393224 6.02329 -0.913375 -0.00767934 
0.392829 6.02383 -0.953968 -0.0190355 
0.392603 6.02414 -0.917041 0.00365334 
0.393073 6.02355 -0.880113 0.0263422 
0.393539 6.02298 -0.896999 0.00312772 
0.393464 6.02309 -0.941386 -0.00814974 
0.393073 6.02365 -0.985772 -0.0194272 
0.392406 6.02471 -1.03016 -0.0307047 
0.391507 6.02629 -1.07455 -0.0419821 
0.390482 6.0283 -1.12151 -0.0481682 
0.389425 6.03063 -1.16848 -0.0543543 
0.388364 6.0333 -1.21545 -0.0605404 
0.387328 6.03631 -1.26242 -0.0667265 
0.386348 6.03966 -1.30938 -0.0729126 
0.385454 6.04335 -1.35635 -0.0790987 
0.384675 6.04739 -1.40332 -0.0852848 
0.384042 6.05176 -1.45029 -0.0914709 
0.383372 6.05651 -1.41151 -0.10047 
0.382582 6.0609 -1.37251 -0.0779654 
0.381865 6.06416 -1.3335 -0.055461 
0.381307 6.0663 -1.29449 -0.0329566 
0.380994 6.06734 -1.25548 -0.0104523 
0.381011 6.0673 -1.21648 0.0120521 
0.38144 6.06622 -1.17747 0.0345565 
0.382362 6.06412 -1.13846 0.0570609 
0.383856 6.06105 -1.09945 0.0795653 
0.386 6.05705 -1.06044 0.10207 
0.38824 6.05295 -1.08121 0.0847629 
0.389996 6.04957 -1.10198 0.0674562 
0.391299 6.04694 -1.12275 0.0501494 
0.39218 6.04506 -1.14351 0.0328426 
0.392671 6.04395 -1.16428 0.0155359 
0.392805 6.04364 -1.18505 -0.00177088 
0.392961 6.04322 -1.22371 0.0195593 
0.393444 6.04179 -1.26237 0.0408894 
0.394176 6.03932 -1.30103 0.0622195 
0.395075 6.03579 -1.33969 0.0835497 
0.396062 6.03118 -1.37835 0.10488 
0.397054 6.02549 -1.41701 0.12621 
0.397968 6.01871 -1.45567 0.14754 
0.398721 6.01083 -1.49433 0.16887 
0.39923 6.00187 -1.53299 0.1902 
0.399412 5.99183 -1.57165 0.21153 
0.39928 5.98066 -1.5933 0.235187 
0.398866 5.96832 -1.61495 0.258844 
0.398443 5.95512 -1.59098 0.269309 
0.398331 5.9414 -1.56701 0.279774 
0.398557 5.92715 -1.54304 0.290239 
0.399145 5.91239 -1.51907 0.300704 
0.399761 5.89738 -1.54056 0.300328 
0.400053 5.88237 -1.56205 0.299953 
0.400023 5.86738 -1.58353 0.299578 
0.399672 5.85242 -1.60502 0.299203 
0.399 5.83748 -1.62651 0.298827 
0.398008 5.82258 -1.648 0.298452 
0.396698 5.80773 -1.66949 0.298077 
0.395072 5.79292 -1.69098 0.297702 
0.393561 5.77753 -1.64669 0.321238 
0.392671 5.7609 -1.6024 0.344775 
0.392507 5.74308 -1.55812 0.368312 
0.393173 5.72408 -1.51383 0.391848 
0.394772 5.70397 -1.46954 0.415385 
0.397405 5.68278 -1.42525 0.438922 
0.40117 5.66056 -1.38097 0.462459 
0.406162 5.63738 -1.33668 0.485995 
0.412474 5.61331 -1.29239 0.509532 
0.420194 5.58842 -1.2481 0.533069 
0.428574 5.5637 -1.2398 0.511048 
0.436797 5.54008 -1.2315 0.489028 
0.444844 5.51758 -1.22319 0.467007 
0.452699 5.49617 -1.21489 0.444987 
0.460344 5.47587 -1.20659 0.422967 
0.46776 5.45665 -1.19829 0.400946 
0.47493 5.43852 -1.18998 0.378926 
0.482256 5.42073 -1.17033 0.390553 
0.490162 5.40256 -1.15069 0.40218 
0.498665 5.38402 -1.13104 0.413807 
0.507784 5.36512 -1.11139 0.425434 
0.517535 5.34589 -1.09174 0.43706 
0.527936 5.32634 -1.07209 0.448687 
0.538318 5.30704 -1.08247 0.427923 
0.548017 5.28856 -1.09285 0.407159 
0.556831 5.27051 -1.14018 0.396159 
0.564564 5.25258 -1.1875 0.385159 
0.571246 5.23481 -1.23482 0.374159 
0.576912 5.21727 -1.28214 0.363159 
0.581597 5.20002 -1.32946 0.352158 
0.585342 5.18309 -1.37678 0.341158 
0.5883 5.16632 -1.41588 0.340396 
0.591372 5.14916 -1.37178 0.356972 
0.595379 5.13134 -1.32768 0.373547 
0.600385 5.11292 -1.28359 0.390123 
0.606205 5.09417 -1.25599 0.395094 
0.612621 5.07535 -1.22839 0.400064 
0.61964 5.05649 -1.2008 0.405035 
0.62727 5.0376 -1.1732 0.410005 
0.635517 5.0187 -1.14561 0.414975 
0.644389 4.9998 -1.11801 0.419946 
0.653855 4.98114 -1.08482 0.417182 
0.663868 4.96292 -1.05163 0.414418 
0.67441 4.94516 -1.01844 0.411654 
0.685461 4.92788 -0.985255 0.40889 
0.697001 4.91109 -0.952066 0.406126 
0.709009 4.8948 -0.918877 0.403362 
0.721466 4.87903 -0.885688 0.400598 
0.73435 4.86379 -0.852499 0.397834 
0.747641 4.84908 -0.81931 0.39507 
0.761289 4.83474 -0.800909 0.396812 
0.77526 4.82059 -0.782509 0.398553 
0.789551 4.80664 -0.764108 0.400295 
0.80416 4.7929 -0.745708 0.402037 
0.819084 4.77937 -0.727307 0.403779 
0.83432 4.76605 -0.708906 0.40552 
0.849911 4.75332 -0.66054 0.399677 
0.865863 4.74153 -0.612173 0.393834 
0.882124 4.73069 -0.563807 0.387991 
0.89864 4.7208 -0.51544 0.382148 
0.915356 4.71185 -0.467073 0.376305 
0.932222 4.70385 -0.418707 0.370462 
0.949185 4.69679 -0.37034 0.364619 
0.966195 4.69065 -0.321973 0.358776 
0.982714 4.68515 -0.321632 0.337739 
0.998237 4.67998 -0.32129 0.316702 
1.01276 4.67514 -0.320949 0.295665 
1.02629 4.67065 -0.320607 0.274628 
1.03883 4.66649 -0.320266 0.253591 
1.05036 4.66267 -0.319925 0.232554 
1.06123 4.65932 -0.276962 0.222234 
1.07173 4.65658 -0.234 0.211915 
1.08183 4.65439 -0.191038 0.201596 
1.09151 4.65274 -0.148076 0.191277 
1.10074 4.65156 -0.105114 0.180957 
1.1095 4.65082 -0.0621521 0.170638 
1.11777 4.65048 -0.01919 0.160319 
1.12553 4.6505 0.0237721 0.15 
1.13276 4.65083 0.0667341 0.13968 
1.13946 4.65142 0.109696 0.129361 
1.14535 4.65194 0.0651213 0.107217 
1.15015 4.65215 0.0205465 0.0850736 
1.15467 4.65218 -0.00672283 0.0956291 
1.15971 4.65207 -0.0339921 0.106185 
1.16528 4.65181 -0.0612614 0.11674 
1.17136 4.65135 -0.0885307 0.127296 
1.17796 4.65067 -0.1158 0.137851 
1.18471 4.6498 -0.139723 0.134626 
1.19129 4.6488 -0.163647 0.131401 
1.19768 4.64767 -0.187571 0.128176 
1.20388 4.64641 -0.211494 0.124951 
1.20989 4.64505 -0.235418 0.121726 
1.21572 4.64358 -0.259341 0.118501 
1.22135 4.64201 -0.283265 0.115275 
1.22717 4.64046 -0.238036 0.125572 
1.23355 4.63906 -0.192807 0.135869 
1.2405 4.63787 -0.147578 0.146166 
1.24801 4.63693 -0.102349 0.156462 
1.25558 4.63608 -0.122055 0.148569 
1.26275 4.63513 -0.14176 0.140675 
1.26951 4.6341 -0.161465 0.132782 
1.27586 4.633 -0.181171 0.124889 
1.28179 4.63185 -0.200876 0.116995 
1.28732 4.63067 -0.220581 0.109102 
1.29244 4.62947 -0.240287 0.101209 
1.29715 4.62827 -0.259992 0.0933153 
1.30146 4.62708 -0.279697 0.0854219 
1.30536 4.62591 -0.299403 0.0775286 
1.30966 4.6246 -0.291982 0.102268 
1.31516 4.62298 -0.28456 0.127008 
1.32185 4.62104 -0.277139 0.151747 
1.32976 4.61883 -0.269718 0.176487 
1.33887 4.61635 -0.262297 0.201227 
1.34919 4.61362 -0.254876 0.225966 
1.3598 4.61112 -0.206364 0.210054 
1.36974 4.60929 -0.157852 0.194143 
1.37896 4.60805 -0.109341 0.178231 
1.38745 4.60732 -0.0608291 0.16232 
1.39516 4.60703 -0.0123175 0.146408 
1.40208 4.60711 0.0361942 0.130496 
1.40819 4.60748 0.0847058 0.114585 
1.41349 4.60806 0.133217 0.098673 
1.41797 4.60877 0.181729 0.0827613 
1.42164 4.60953 0.230241 0.0668497 
1.42545 4.61039 0.212538 0.0896928 
1.4304 4.61141 0.194836 0.112536 
1.4365 4.61255 0.177134 0.135379 
1.44373 4.61378 0.159431 0.158222 
1.45212 4.61505 0.141729 0.181065 
1.46166 4.61632 0.124026 0.203909 
1.47222 4.61774 0.141637 0.222493 
1.48368 4.61947 0.159247 0.241077 
1.49602 4.62157 0.176858 0.259661 
1.50924 4.62405 0.194468 0.278244 
1.52332 4.62696 0.212079 0.296828 
1.53825 4.63031 0.229689 0.315412 
1.55403 4.63415 0.2473 0.333996 
1.57063 4.6385 0.26491 0.35258 
1.58805 4.64339 0.282521 0.371164 
1.60645 4.64857 0.266107 0.393375 
1.62601 4.65372 0.249694 0.415585 
1.64672 4.65882 0.233281 0.437796 
1.6686 4.66383 0.216868 0.460006 
1.69165 4.66871 0.200454 0.482217 
1.71586 4.67342 0.184041 0.504427 
1.74124 4.67793 0.167628 0.526638 
1.76778 4.68219 0.151215 0.548849 
1.7955 4.68618 0.134801 0.571059 
1.82437 4.68986 0.118388 0.59327 
1.85413 4.69315 0.101963 0.604352 
1.88449 4.696 0.0855374 0.615435 
1.91563 4.69929 0.124765 0.637183 
1.94769 4.70396 0.163992 0.658932 
1.98062 4.71007 0.203219 0.68068 
2.01434 4.71772 0.242447 0.702428 
2.04878 4.72696 0.281674 0.724177 
2.08388 4.73787 0.320901 0.745925 
2.11931 4.74996 0.336794 0.751703 
2.15482 4.76271 0.352687 0.757482 
2.19039 4.77613 0.36858 0.76326 
2.22601 4.79021 0.384473 0.769039 
2.26168 4.80497 0.400366 0.774817 
2.29707 4.82088 0.444168 0.777409 
2.33185 4.83837 0.48797 0.780001 
2.36594 4.85744 0.531773 0.782594 
2.39928 4.87805 0.575575 0.785186 
2.43179 4.90017 0.619377 0.787778 
2.4634 4.92377 0.66318 0.79037 
2.49405 4.94881 0.706982 0.792962 
2.52367 4.97526 0.750784 0.795555 
2.55262 5.00277 0.769045 0.801813 
2.58128 5.03102 0.787305 0.808072 
2.60964 5.06002 0.805566 0.814331 
2.63768 5.08975 0.823827 0.82059 
2.6664 5.11937 0.778011 0.829703 
2.69677 5.14796 0.732195 0.838817 
2.72877 5.17542 0.686379 0.847931 
2.76237 5.20161 0.637985 0.856201 
2.79753 5.22638 0.589591 0.864471 
2.8342 5.24964 0.541196 0.872741 
2.87231 5.27131 0.492802 0.881011 
2.91179 5.2913 0.444408 0.889281 
2.95257 5.30952 0.396014 0.897551 
2.99457 5.32589 0.34762 0.905821 
3.03771 5.34035 0.299225 0.914091 
3.08189 5.35281 0.250831 0.922361 
3.12703 5.36322 0.202437 0.930631 
3.17258 5.37212 0.183288 0.926012 
3.21807 5.3801 0.16414 0.921394 
3.26348 5.38718 0.144991 0.916775 
3.30878 5.39335 0.125842 0.912156 
3.35397 5.39863 0.106693 0.907537 
3.39901 5.40302 0.0875445 0.902918 
3.44391 5.40652 0.0683957 0.898299 
3.48863 5.40916 0.0492469 0.893681 
3.53311 5.41136 0.0498556 0.887705 
3.57729 5.41358 0.0504642 0.881729 
3.62117 5.41581 0.0510729 0.875753 
3.66475 5.41805 0.0516815 0.869777 
3.70803 5.4203 0.0522902 0.863801 
3.75101 5.42257 0.0528988 0.857825 
3.79334 5.42419 0.0238608 0.836684 
3.83464 5.42458 -0.00517726 0.815544 
3.87488 5.42379 -0.0342153 0.794403 
3.91403 5.42189 -0.0632533 0.773262 
3.95204 5.41893 -0.0922914 0.752122 
3.98891 5.41498 -0.121329 0.730981 
4.0246 5.4101 -0.150367 0.70984 
4.05903 5.40433 -0.182049 0.686738 
4.09213 5.39769 -0.213731 0.663636 
4.12388 5.39028 -0.245413 0.640535 
4.15426 5.38216 -0.277095 0.617433 
4.18346 5.37327 -0.313778 0.603368 
4.21164 5.36355 -0.35046 0.589303 
4.2388 5.35306 -0.387142 0.575238 
4.2649 5.34186 -0.423824 0.561173 
4.28995 5.33 -0.460507 0.547108 
4.31391 5.31757 -0.497189 0.533043 
4.33679 5.3046 -0.533871 0.518979 
4.35859 5.29118 -0.570554 0.504914 
4.37929 5.27735 -0.607236 0.490849 
4.3989 5.26319 -0.643918 0.476784 
4.41786 5.24859 -0.667995 0.480657 
4.43663 5.23342 -0.692072 0.484529 
4.45516 5.21767 -0.716148 0.488402 
4.47346 5.20136 -0.740225 0.492274 
4.4915 5.18447 -0.764302 0.496147 
4.50927 5.16702 -0.788379 0.50002 
4.52675 5.14901 -0.812455 0.503892 
4.54392 5.13044 -0.836532 0.507765 
4.561 5.11112 -0.857209 0.523831 
4.5782 5.09083 -0.877886 0.539897 
4.59548 5.06958 -0.898563 0.555963 
4.61281 5.04733 -0.919239 0.572028 
4.63015 5.02409 -0.939916 0.588094 
4.64748 4.99984 -0.960593 0.60416 
4.66476 4.97457 -0.98127 0.620226 
4.68196 4.94828 -1.00195 0.636292 
4.69903 4.92096 -1.02262 0.652358 
4.71532 4.89279 -1.07043 0.649443 
4.73018 4.864 -1.11825 0.646528 
4.74358 4.83467 -1.16606 0.643612 
4.75551 4.80487 -1.21387 0.640697 
4.76596 4.77466 -1.26168 0.637782 
4.77491 4.74413 -1.30949 0.634867 
4.78236 4.71336 -1.3573 0.631951 
4.7883 4.6824 -1.40511 0.629036 
4.79274 4.65134 -1.45292 0.626121 
4.79567 4.62025 -1.50074 0.623206 
4.79854 4.5895 -1.45407 0.611954 
4.80277 4.55949 -1.40741 0.600702 
4.80829 4.53025 -1.36075 0.58945 
4.81452 4.50143 -1.35558 0.59004 
4.82085 4.47258 -1.35372 0.591526 
4.82726 4.44366 -1.35186 0.593011 
4.83312 4.4149 -1.3878 0.581272 
4.83785 4.38652 -1.42374 0.569533 
4.84148 4.35858 -1.45968 0.557793 
4.84404 4.3311 -1.49562 0.546054 
4.84559 4.30414 -1.53156 0.534315 
4.84615 4.27772 -1.56751 0.522576 
4.84578 4.25189 -1.60345 0.510836 
4.8445 4.22668 -1.63939 0.499097 
4.84332 4.20173 -1.59688 0.5 
4.8432 4.17671 -1.55438 0.500902 
4.84414 4.15166 -1.51187 0.501805 
4.84615 4.12663 -1.46936 0.502708 
4.84923 4.10166 -1.42686 0.50361 
4.85338 4.07681 -1.38435 0.504513 
4.85858 4.0521 -1.34184 0.505415 
4.86485 4.0276 -1.29934 0.506318 
4.87216 4.00334 -1.25683 0.507221 
4.88051 3.97937 -1.21432 0.508123 
4.88942 3.95502 -1.2252 0.529157 
4.89842 3.92958 -1.23608 0.550191 
4.90749 3.90305 -1.24695 0.571226 
4.91659 3.87543 -1.25783 0.59226 
4.92572 3.8467 -1.2687 0.613294 
4.93483 3.81687 -1.27958 0.634328 
4.94392 3.78594 -1.29046 0.655362 
4.95327 3.75466 -1.26994 0.6504 
4.96319 3.72382 -1.24941 0.645438 
4.97366 3.69343 -1.22889 0.640477 
4.98466 3.66349 -1.20837 0.635515 
4.99618 3.63401 -1.18785 0.630553 
5.00822 3.605 -1.16733 0.625591 
5.02097 3.57662 -1.12931 0.619016 
5.03465 3.54904 -1.09128 0.61244 
5.04921 3.5223 -1.05325 0.605864 
5.06461 3.4964 -1.01523 0.599288 
5.08081 3.47139 -0.977202 0.592713 
5.09775 3.44728 -0.939176 0.586137 
5.1154 3.42409 -0.901151 0.579561 
5.13371 3.40184 -0.863125 0.572985 
5.15271 3.38071 -0.813498 0.563843 
5.17242 3.36087 -0.763871 0.5547 
5.19274 3.34235 -0.714244 0.545558 
5.21361 3.32514 -0.664617 0.536415 
5.23494 3.30926 -0.61499 0.527273 
5.25665 3.29472 -0.565363 0.51813 
5.27867 3.28151 -0.515736 0.508988 
5.3009 3.26962 -0.46611 0.499845 
5.32298 3.25916 -0.418269 0.47754 
5.34451 3.25019 -0.370428 0.455234 
5.36539 3.24265 -0.322587 0.432929 
5.38554 3.23644 -0.274746 0.410623 
5.40489 3.23148 -0.226905 0.388318 
5.42336 3.22767 -0.179065 0.366013 
5.44088 3.22493 -0.131224 0.343707 
5.45741 3.22314 -0.0833828 0.321402 
5.4729 3.22222 -0.035542 0.299096 
5.48827 3.22159 -0.0457775 0.316133 
5.50448 3.22076 -0.0560129 0.33317 
5.52153 3.21972 -0.0662483 0.350206 
5.53942 3.21844 -0.0764838 0.367243 
5.55815 3.21691 -0.0867192 0.38428 
5.5777 3.21511 -0.0969547 0.401316 
5.59809 3.21302 -0.10719 0.418353 
5.6193 3.21062 -0.117426 0.435389 
5.64133 3.20791 -0.127661 0.452426 
5.66417 3.20486 -0.137896 0.469463 
5.68772 3.20141 -0.152475 0.482771 
5.71188 3.19752 -0.167053 0.496079 
5.73664 3.19316 -0.181632 0.509388 
5.76158 3.18826 -0.206261 0.507511 
5.78631 3.18277 -0.23089 0.505635 
5.81117 3.17717 -0.212405 0.513742 
5.83653 3.17194 -0.19392 0.521849 
5.86238 3.16712 -0.175435 0.529956 
5.88871 3.1627 -0.15695 0.538063 
5.91552 3.15871 -0.138465 0.54617 
5.9428 3.15517 -0.119981 0.554277 
5.97054 3.15208 -0.101496 0.562383 
5.99875 3.14947 -0.0830109 0.57049 
6.02747 3.14674 -0.10675 0.583878 
6.05679 3.14324 -0.13049 0.597266 
6.08613 3.13925 -0.1403 0.586852 
6.1149 3.13504 -0.150109 0.576438 
6.14312 3.13063 -0.159919 0.566023 
6.17078 3.12603 -0.169729 0.555609 
6.19788 3.12125 -0.179539 0.545195 
6.22443 3.1163 -0.189349 0.534781 
6.25079 3.11068 -0.230143 0.543502 
6.27733 3.10389 -0.270936 0.552224 
6.30398 3.0959 -0.31173 0.560945 
6.3307 3.08668 -0.352524 0.569667 
6.35742 3.07622 -0.393317 0.578389 
6.3841 3.06451 -0.434111 0.58711 
6.41067 3.05152 -0.474905 0.595832 
6.43691 3.0374 -0.512328 0.596165 
6.46262 3.02231 -0.549752 0.596499 
6.48776 3.00625 -0.587176 0.596832 
6.51229 2.98925 -0.6246 0.597166 
6.53619 2.97133 -0.662024 0.597499 
6.55941 2.95253 -0.699448 0.597833 
6.58192 2.93285 -0.736872 0.598167 
6.6037 2.91234 -0.774295 0.5985 
6.62486 2.89064 -0.821426 0.614058 
6.64549 2.86738 -0.868556 0.629616 
6.6655 2.84258 -0.915687 0.645175 
6.68477 2.81623 -0.962817 0.660733 
6.7032 2.78835 -1.00995 0.676291 
6.72071 2.75897 -1.05708 0.691849 
6.73717 2.72811 -1.10421 0.707407 
6.75249 2.6958 -1.15134 0.722966 
6.76658 2.66209 -1.19847 0.738524 
6.77933 2.62702 -1.2456 0.754082 
6.79115 2.59118 -1.25893 0.755719 
6.80251 2.5551 -1.27227 0.757356 
6.81342 2.51879 -1.2856 0.758993 
6.82317 2.4822 -1.33522 0.755994 
6.83131 2.44567 -1.36792 0.740941 
6.83845 2.40897 -1.3897 0.75488 
6.84508 2.37183 -1.39858 0.754284 
6.85137 2.33466 -1.40746 0.753688 
6.85733 2.29746 -1.41634 0.753092 
6.86296 2.26024 -1.42523 0.752496 
6.86825 2.22301 -1.43411 0.751901 
6.8732 2.18576 -1.44299 0.751305 
6.87782 2.14849 -1.45188 0.750709 
6.88211 2.11122 -1.46076 0.750113 
6.88606 2.07393 -1.46964 0.749517 
6.88968 2.03665 -1.47852 0.748921 
6.89301 1.99938 -1.48486 0.747558 
6.8961 1.96217 -1.49119 0.746195 
6.89894 1.925 -1.49752 0.744832 
6.90155 1.88789 -1.50386 0.743468 
6.90392 1.85082 -1.51019 0.742105 
6.90604 1.81381 -1.51653 0.740742 
6.90793 1.77686 -1.52286 0.739379 
6.90959 1.73996 -1.52919 0.738015 
6.91068 1.70368 -1.55215 0.714038 
6.91094 1.66858 -1.57511 0.690061 
6.9104 1.63468 -1.59807 0.666083 
6.90914 1.602 -1.62103 0.642106 
6.9072 1.57055 -1.64399 0.618128 
6.90464 1.54035 -1.66695 0.594151 
6.90151 1.51141 -1.68991 0.570174 
6.89786 1.48373 -1.71426 0.547006 
6.89371 1.45728 -1.7386 0.523838 
6.88913 1.43208 -1.76294 0.500671 
6.88417 1.40813 -1.78728 0.477503 
6.87889 1.38544 -1.81163 0.454335 
6.87335 1.36401 -1.83597 0.431167 
6.86761 1.34383 -1.86031 0.408 
6.86172 1.32491 -1.88466 0.384832 
6.85575 1.30723 -1.909 0.361664 
6.84962 1.29087 -1.94993 0.337122 
6.8433 1.27591 -1.99086 0.31258 
6.83691 1.26232 -2.03179 0.288038 
6.83053 1.2501 -2.07272 0.263495 
6.82426 1.23921 -2.11365 0.238953 
6.81821 1.22963 -2.15458 0.214411 
6.81247 1.22131 -2.19551 0.189868 
6.80714 1.21421 -2.23644 0.165326 
6.80229 1.20829 -2.27737 0.140784 
6.79803 1.20349 -2.31831 0.116242 
6.79427 1.19926 -2.27343 0.110038 
6.79091 1.1951 -2.22855 0.103835 
6.78792 1.19105 -2.18367 0.0976314 
6.78529 1.18712 -2.1388 0.091428 
6.783 1.18335 -2.09392 0.0852246 
6.78102 1.17975 -2.04904 0.0790212 
6.77935 1.17634 -2.00417 0.0728178 
6.77814 1.17357 -1.95903 0.0482478 
6.77749 1.17189 -1.91389 0.0236777 
6.77731 1.17135 -1.86875 -0.000892402 
6.77748 1.17198 -1.82361 -0.0254625 
6.77791 1.17382 -1.77848 -0.0500326 
6.77848 1.17689 -1.73334 -0.0746026 
6.77894 1.18003 -1.69782 -0.0525226 
6.77917 1.18209 -1.66231 -0.0304426 
6.77924 1.18306 -1.62679 -0.00836252 
6.77924 1.18292 -1.59128 0.0137175 
6.77924 1.18169 -1.55577 0.0357975 
6.77932 1.17935 -1.52025 0.0578776 
6.77956 1.17591 -1.48474 0.0799576 
6.78004 1.17138 -1.44922 0.102038 
6.78074 1.16655 -1.40118 0.0935872 
6.7816 1.16216 -1.35313 0.0851368 
6.78257 1.15823 -1.30508 0.0766863 
6.7836 1.15476 -1.25703 0.0682359 
6.78466 1.15174 -1.20898 0.0597854 
6.7857 1.14917 -1.16093 0.051335 
6.78669 1.14703 -1.11288 0.0428846 

