SE2 0.1
0.5 4.5 0 1.5 
0.780647 4.40881 -0.628319 1.5 
1.03998 4.25909 -0.418879 1.5 
1.32478 4.16655 -0.20944 1.5 
1.61825 4.1974 0.418879 1.5 
1.83754 4.39485 1.0472 1.5 
2.04387 4.60851 0.558505 1.5 
2.26569 4.80823 0.907571 1.5 
2.42437 5.06218 1.11701 1.5 
2.46544 5.3544 1.74533 1.5 
2.44455 5.65312 1.53589 1.5 
2.44455 5.95306 1.6057 1.5 
2.52589 6.23672 0.977384 1.5 
2.71837 6.46611 0.767945 1.5 
2.89381 6.70759 1.11701 1.5 
3.0988 6.91986 0.488692 1.5 
3.387 6.99171 5.83041e-15 1.5 
3.68676 6.98125 -0.0698132 1.5 
3.96036 6.8707 -0.698132 1.5 
4.18326 6.67 -0.767945 1.5 
4.32179 6.40946 -1.39626 1.5 
4.40433 6.1216 -1.18682 1.5 
4.46639 5.82965 -1.53589 1.5 
4.4455 5.53093 -1.74533 1.5 
4.40376 5.23391 -1.67552 1.5 
4.40376 4.93445 -1.46608 1.5 
4.46602 4.64154 -1.25664 1.5 
4.5686 4.35969 -1.18682 1.5 
4.67119 4.07784 -1.25664 1.5 
4.82859 3.82595 -0.767945 1.5 
5.08582 3.67744 -0.279253 1.5 
5.37108 3.58476 -0.349066 1.5 
5.64918 3.4724 -0.418879 1.5 
5.93397 3.37986 -0.20944 1.5 
6.21877 3.28732 -0.418879 1.5 
6.45283 3.10446 -0.907571 1.5 
6.55375 2.82717 -1.53589 1.5 
6.47241 2.54351 -2.16421 1.5 
6.35101 2.27083 -1.81514 1.5 
6.24859 1.98944 -2.02458 1.5 
6.14617 1.70805 -1.81514 1.5 
6.1045 1.41151 -1.6057 1.5 
6.14604 1.11593 -1.25664 1.5 
6.31949 0.877202 -0.628319 1.5 
6.60014 0.786015 3.46684e-15 1.5 

