R2
-1.5708 0 
-1.55957 0.447962 
-1.52618 0.884962 
-1.47144 1.30033 
-1.39668 1.68406 
-1.30371 2.02725 
-1.19475 2.32268 
-1.07548 2.43918 
-0.951707 2.50324 
-0.82599 2.51746 
-0.700716 2.48642 
-0.578003 2.41613 
-0.456777 2.428 
-0.33564 2.41366 
-0.215736 2.37984 
-0.0978643 2.33352 
0.0175224 2.28158 
0.130309 2.23058 
0.240698 2.18665 
0.349187 2.15547 
0.457793 2.19225 
0.568808 2.25282 
0.683571 2.34319 
0.803732 2.46992 
0.93129 2.64035 
1.06368 2.66421 
1.19866 2.74523 
1.32619 2.36591 
1.43619 2.04286 
1.53131 1.76949 
1.61387 1.53954 
1.68559 1.33546 
1.74795 1.16398 
1.80246 1.02066 
1.85043 0.901749 
1.89299 0.804143 
1.93115 0.725284 
1.96208 0.514032 
1.98275 0.314467 
1.99364 0.121989 
1.995 -0.0677519 
1.98684 -0.259012 
1.969 -0.456099 
1.94106 -0.663527 
1.90239 -0.886168 
1.8521 -1.12942 
1.79186 -1.2848 
1.73344 -1.05693 
1.68574 -0.854671 
1.64762 -0.673269 
1.61814 -0.508358 
1.59658 -0.355925 
1.5824 -0.212235 
1.57527 -0.0737608 
1.575 0.0629012 
1.57784 0.0509231 
1.58011 0.0401964 
1.58187 0.0304575 
1.58317 0.0214671 
1.58403 0.0130042 
1.58448 0.00486078 
1.58452 -0.00316315 

