R2
-1.5708 0 
-1.57703 -0.248979 
-1.59559 -0.491865 
-1.62602 -0.722718 
-1.66757 -0.935914 
-1.71923 -1.12632 
-1.77975 -1.28948 
-1.84766 -1.42179 
-1.92137 -1.52064 
-1.99915 -1.58457 
-2.07924 -1.61325 
-2.1599 -1.60744 
-2.23944 -1.56893 
-2.31629 -1.50027 
-2.38485 -1.23841 
-2.44394 -1.12188 
-2.48426 -0.488927 
-2.50381 -0.291933 
-2.50229 0.352704 
-2.46862 0.992131 
-2.40333 1.61626 
-2.30744 2.21355 
-2.18264 2.77046 
-2.03132 3.27168 
-1.85667 3.70111 
-1.66266 4.04374 
-1.45394 4.28812 
-1.23558 4.42869 
-1.01277 4.46735 
-0.790393 4.41359 
-0.572692 4.28326 
-0.368566 3.87424 
-0.180289 3.65267 
-0.00356904 3.41483 
0.161186 3.17644 
0.314281 2.95032 
0.456588 2.74634 
0.589409 2.5719 
0.714361 2.43241 
0.829127 2.16478 
0.935664 2.1034 
1.03877 2.02782 
1.13638 1.8836 
1.22087 1.50247 
1.29138 1.32326 
1.34815 0.952165 
1.39671 0.994318 
1.44242 0.837411 
1.47662 0.533561 
1.49599 0.24276 
1.50935 0.2926 
1.52537 0.349618 
1.54445 0.415219 
1.56567 0.435237 
1.58815 0.465951 
1.61106 0.45233 
1.63218 0.394034 
1.65063 0.345402 
1.66547 0.24945 
1.67706 0.215384 
1.68431 0.0750174 
1.68599 -0.00773551 
1.68075 -0.20224 
1.67125 -0.178559 
1.66282 -0.159244 
1.65526 -0.143825 
1.64838 -0.131929 
1.64201 -0.123265 
1.6374 -0.0618394 
1.63441 -0.0577129 
1.6316 -0.0550018 
1.62889 -0.05364 
1.62621 -0.0535941 
1.62351 -0.0548633 
1.6221 -0.0016962 

