R2
-1.5708 0 
-1.5758 -0.199764 
-1.59069 -0.39464 
-1.6151 -0.579859 
-1.64844 -0.750902 
-1.68989 -0.903628 
-1.73844 -1.0344 
-1.79291 -1.14023 
-1.85201 -1.21884 
-1.90672 -0.965509 
-1.94818 -0.689843 
-1.97544 -0.398459 
-1.98788 -0.0980955 
-1.98522 0.204467 
-1.96751 0.502441 
-1.93516 0.789055 
-1.88891 1.0576 
-1.82981 1.30154 
-1.75927 1.51467 
-1.67741 1.753 
-1.58468 1.94868 
-1.48334 2.09671 
-1.37586 2.19368 
-1.26485 2.23803 
-1.1527 2.23914 
-1.04177 2.1902 
-0.934455 2.095 
-0.839193 1.70943 
-0.764032 1.2926 
-0.7103 0.853749 
-0.678886 0.401179 
-0.670285 -0.0576043 
-0.684631 -0.515505 
-0.721702 -0.965366 
-0.780907 -1.39951 
-0.86125 -1.80941 
-0.958249 -2.06431 
-1.07373 -2.54705 
-1.21192 -2.97015 
-1.36961 -3.32518 
-1.54311 -3.60059 
-1.72821 -3.78813 
-1.9204 -3.8844 
-2.11516 -3.89164 
-2.30821 -3.81761 
-2.48724 -3.33401 
-2.64132 -2.82231 
-2.76892 -2.27709 
-2.86869 -1.71121 
-2.93985 -1.13375 
-2.98197 -0.550516 
-2.99486 0.0349554 
-2.97848 0.620296 
-2.93287 1.20306 
-2.85827 1.7795 
-2.75513 2.34346 
-2.62195 2.979 
-2.45784 3.57789 
-2.26509 4.12107 
-2.04703 4.58657 
-1.80809 4.95246 
-1.55374 5.20101 
-1.29011 5.323 
-1.02223 5.37208 
-0.754766 5.3096 
-0.492753 5.15842 
-0.23992 4.94752 
0.00128078 4.69819 
0.229898 4.44865 
0.446556 4.22355 
0.642992 3.64221 
0.811664 3.11385 
0.955296 2.64052 
1.0766 2.21987 
1.17808 1.84706 
1.262 1.51607 
1.33028 1.22051 
1.38453 0.954042 
1.42607 0.710597 
1.45588 0.484423 
1.4729 0.197569 
1.47572 -0.0844547 
1.47363 0.000799693 
1.47367 0.000731434 
1.47371 0.000681065 
1.47374 0.000647354 
1.47454 0.0316724 
1.47692 0.0634722 
1.48092 0.096825 
1.48664 0.132548 
1.49423 0.171516 
1.50386 0.214688 
1.51578 0.263124 
1.53028 0.318016 
1.54771 0.380718 
1.56851 0.452773 
1.58594 0.245746 
1.59318 0.0447591 
1.59494 0.0256558 
1.59576 0.00718286 
1.59566 -0.0111137 
1.59464 -0.0296832 
1.59333 -0.0228481 
1.59235 -0.0165743 
1.59167 -0.0107078 
1.59128 -0.00510436 
1.59116 0.000373673 
1.59131 0.00586088 
1.59175 0.0114921 

