R2
-1.5708 0 
-1.55832 0.497959 
-1.5212 0.983733 
-1.46035 1.44547 
-1.37724 1.87209 
-1.27389 2.25381 
-1.15274 2.58291 
-1.01656 2.85441 
-0.868288 3.0667 
-0.710845 3.22189 
-0.546955 3.3258 
-0.378969 3.38751 
-0.208715 3.41862 
-0.0373963 3.43243 
0.134475 3.4431 
0.307103 3.4651 
0.481413 3.51276 
0.659044 3.60032 
0.842345 3.74196 
1.00934 2.94873 
1.13823 2.21634 
1.23179 1.53313 
1.30327 1.33152 
1.35712 0.826767 
1.39184 0.564955 
1.42219 0.651477 
1.45726 0.753833 
1.49232 0.651468 
1.52267 0.56506 
1.54627 0.380956 
1.56649 0.429341 
1.5866 0.376711 
1.60431 0.333338 
1.6145 0.075021 
1.61741 0.041677 
1.61869 0.00935608 

