R2
-1.5708 0 
-1.57856 -0.309788 
-1.60165 -0.611994 
-1.63951 -0.899232 
-1.69121 -1.16452 
-1.73555 -0.605649 
-1.75153 -0.032136 
-1.73875 0.542151 
-1.69753 1.10334 
-1.62886 1.63773 
-1.53442 2.13211 
-1.41652 2.5744 
-1.27802 2.95456 
-1.12222 3.2657 
-0.955413 3.39477 
-0.783871 3.45618 
-0.610789 3.45801 
-0.438879 3.41136 
-0.270245 3.32921 
-0.106322 3.22523 
0.0501694 3.03408 
0.197146 2.84649 
0.335044 2.67239 
0.461936 2.4073 
0.576212 2.16835 
0.680512 2.0087 
0.777597 1.87998 
0.869049 1.78359 
0.956513 1.7206 
1.04168 1.69212 
1.12632 1.6995 
1.21226 1.74457 
1.30145 1.82976 
1.38367 1.46578 
1.44861 1.13714 
1.49785 0.836214 
1.53258 0.555776 
1.55365 0.288985 
1.56159 0.0292928 

