R2
-1.5708 0 
-1.57445 -0.145815 
-1.58532 -0.288062 
-1.60314 -0.423259 
-1.62747 -0.548104 
-1.65772 -0.659557 
-1.69316 -0.754932 
-1.73291 -0.831972 
-1.77602 -0.888922 
-1.82145 -0.924577 
-1.86479 -0.805652 
-1.9017 -0.667847 
-1.93132 -0.514573 
-1.95296 -0.349504 
-1.96613 -0.176491 
-1.97054 0.000512727 
-1.96608 0.177505 
-1.95286 0.350483 
-1.92929 0.590619 
-1.89402 0.817203 
-1.84788 1.0248 
-1.79195 1.20827 
-1.72754 1.36287 
-1.65661 1.46826 
-1.58131 1.53786 
-1.50346 1.56984 
-1.42496 1.56351 
-1.34774 1.51933 
-1.27364 1.43889 
-1.20441 1.32479 
-1.14009 1.24297 
-1.08057 1.1335 
-1.02715 0.999537 
-0.983837 0.730075 
-0.954393 0.445699 
-0.939416 0.152395 
-0.939204 -0.143928 
-0.953762 -0.4374 
-0.982798 -0.722115 
-1.02503 -0.964077 
-1.08177 -1.3017 
-1.15473 -1.61115 
-1.24228 -1.88448 
-1.34245 -2.11414 
-1.4536 -2.323 
-1.5738 -2.47544 
-1.70013 -2.56737 
-1.8295 -2.59708 
-1.95882 -2.56542 
-2.08463 -2.45793 
-2.20374 -2.29806 
-2.31368 -2.0928 
-2.41239 -1.84973 
-2.49393 -1.40766 
-2.5528 -0.944646 
-2.58817 -0.468668 
-2.60367 -0.150285 
-2.60317 0.169997 
-2.5867 0.48813 
-2.55446 0.799922 
-2.50689 1.1008 
-2.44465 1.38561 
-2.36869 1.64856 
-2.28027 1.88324 
-2.17935 2.1469 
-2.0663 2.36737 
-1.94028 2.66407 
-1.8009 2.89997 
-1.65143 3.06684 
-1.49547 3.15902 
-1.33681 3.17428 
-1.1793 3.1141 
-1.02658 2.98357 
-0.881983 2.79059 
-0.748399 2.54483 
-0.627124 2.29987 
-0.518963 2.02175 
-0.42536 1.71892 
-0.347362 1.39858 
-0.285698 1.06644 
-0.240842 0.726825 
-0.213087 0.382891 
-0.202587 0.0369319 
-0.209397 -0.309213 
-0.233482 -0.65375 
-0.274546 -0.988005 
-0.332172 -1.3156 
-0.410649 -1.82117 
-0.513989 -2.30868 
-0.64105 -2.76812 
-0.790122 -3.18678 
-0.958802 -3.54984 
-1.14392 -3.84175 
-1.34055 -4.00841 
-1.54317 -4.07983 
-1.74688 -4.05178 
-1.94672 -3.92641 
-2.13803 -3.71185 
-2.31663 -3.4207 
-2.4806 -3.12904 
-2.62875 -2.79018 
-2.75906 -2.41757 
-2.87013 -2.02261 
-2.96109 -1.61413 
-3.03143 -1.19835 
-3.08056 -0.766757 
-3.10808 -0.333919 
-3.11402 0.0965458 
-3.09843 0.526933 
-3.05653 1.14879 
-2.98359 1.76804 
-2.87984 2.38014 
-2.74583 2.97674 
-2.58264 3.54478 
-2.39213 4.06639 
-2.17714 4.51994 
-1.94165 4.88262 
-1.69073 5.13429 
-1.43 5.27345 
-1.16551 5.28557 
-0.903423 5.17944 
-0.649221 4.9741 
-0.40724 4.69518 
-0.180464 4.3705 
0.0294856 4.02622 
0.222202 3.68442 
0.398255 3.36212 
0.558943 3.07145 
0.701597 2.64159 
0.823796 2.25328 
0.9276 1.90536 
1.01496 1.59476 
1.08763 1.31734 
1.14717 1.06852 
1.19488 0.843593 
1.23646 0.82272 
1.27747 0.820941 
1.31887 0.83847 
1.35745 0.707894 
1.38994 0.594313 
1.41713 0.495093 
1.43965 0.407894 
1.45808 0.330631 
1.47473 0.336619 
1.49188 0.350842 
1.50806 0.29772 
1.52177 0.251901 
1.53335 0.212264 
1.54309 0.17784 
1.55121 0.147784 
1.55792 0.12136 
1.5634 0.0979177 
1.56776 0.0768818 
1.57112 0.0577352 
1.57355 0.0400074 

