R2
-1.5708 0 
-1.56851 0.091367 
-1.5617 0.180498 
-1.55053 0.265211 
-1.53528 0.343435 
-1.51562 0.441655 
-1.4913 0.529082 
-1.46292 0.603603 
-1.43118 0.663439 
-1.39685 0.707198 
-1.36075 0.733912 
-1.32375 0.743061 
-1.28674 0.734576 
-1.25058 0.708832 
-1.21611 0.667224 
-1.18411 0.610297 
-1.15531 0.539532 
-1.13036 0.456678 
-1.10981 0.363706 
-1.09412 0.262756 
-1.08647 0.0426852 
-1.08987 -0.178312 
-1.10424 -0.395434 
-1.1315 -0.692868 
-1.17327 -0.974926 
-1.22862 -1.23495 
-1.29629 -1.46648 
-1.3747 -1.66345 
-1.46197 -1.82049 
-1.55601 -1.93326 
-1.65451 -1.99875 
-1.75507 -2.01554 
-1.85664 -2.03913 
-1.95818 -2.01489 
-2.05736 -1.945 
-2.15198 -1.83303 
-2.24004 -1.68354 
-2.31815 -1.43584 
-2.3832 -1.16228 
-2.43405 -0.869077 
-2.46987 -0.56198 
-2.4901 -0.246274 
-2.49444 0.0731077 
-2.47733 0.610322 
-2.43356 1.13824 
-2.36381 1.6479 
-2.26924 2.12908 
-2.15157 2.57018 
-2.0131 2.95856 
-1.85681 3.28147 
-1.68624 3.52741 
-1.50549 3.68779 
-1.31918 3.74979 
-1.13199 3.72316 
-0.948235 3.61423 
-0.771768 3.43351 
-0.605862 3.19413 
-0.453099 2.91008 
-0.321074 2.36686 
-0.216721 1.80498 
-0.140737 1.23329 
-0.0934652 0.657141 
-0.0750493 0.0793724 
-0.0815356 -0.338782 
-0.108916 -0.756217 
-0.157123 -1.17154 
-0.225994 -1.58222 
-0.315198 -1.98403 
-0.424143 -2.37055 
-0.551852 -2.73294 
-0.69685 -3.06003 
-0.860732 -3.48585 
-1.04435 -3.84683 
-1.24406 -4.12644 
-1.45408 -4.25786 
-1.66812 -4.28614 
-1.88096 -4.21041 
-2.08753 -4.03685 
-2.28321 -3.77752 
-2.46411 -3.44817 
-2.62623 -3.02907 
-2.76641 -2.57312 
-2.88315 -2.09374 
-2.97556 -1.60096 
-3.04314 -1.10145 
-3.08566 -0.599122 
-3.10303 -0.0958807 
-3.09524 0.407466 
-3.0623 0.910288 
-3.00142 1.52442 
-2.90994 2.13304 
-2.78831 2.72929 
-2.63741 3.30198 
-2.45877 3.83518 
-2.25488 4.30883 
-2.02925 4.70068 
-1.78653 4.98958 
-1.53228 5.15974 
-1.27265 5.2044 
-1.01344 5.14496 
-0.760591 4.95296 
-0.519954 4.66077 
-0.295461 4.3117 
-0.0893007 3.93152 
0.0975431 3.54231 
0.265067 3.16112 
0.41399 2.79986 
0.54551 2.46593 
0.661103 2.16316 
0.762367 1.89282 
0.850274 1.62865 
0.925732 1.39444 
0.990173 1.18753 
1.04489 1.00497 
1.09103 0.843728 
1.12957 0.700858 
1.16137 0.573545 
1.18714 0.45915 
1.20746 0.355211 
1.2228 0.259426 
1.23523 0.238954 
1.24678 0.224025 
1.25772 0.214314 
1.2683 0.209613 
1.27876 0.209829 
1.28936 0.214982 
1.30035 0.225211 
1.31197 0.240773 
1.32452 0.262055 
1.33766 0.264585 
1.35108 0.273441 
1.36511 0.288856 
1.38008 0.311219 
1.3948 0.278705 
1.40807 0.252934 
1.4202 0.233296 
1.43149 0.219326 
1.44214 0.207347 
1.45231 0.200421 
1.46226 0.198386 
1.47223 0.201198 
1.48246 0.208929 
1.49321 0.221776 
1.50473 0.240056 
1.51731 0.264222 
1.53126 0.294873 
1.54692 0.332765 
1.56003 0.192607 
1.56626 0.0571821 
1.56577 -0.0768375 
1.55854 -0.212745 
1.55039 -0.113935 
1.5471 -0.017925 
1.54859 0.077645 
1.5549 0.175123 
1.56378 0.180875 
1.57306 0.191073 
1.58297 0.205966 
1.59374 0.22592 
1.60565 0.251425 
1.61899 0.283104 
1.63408 0.321733 
1.64823 0.245472 
1.65872 0.175225 
1.66582 0.109269 
1.6697 0.0459856 
1.67044 -0.0161728 
1.66807 -0.0787268 
1.66254 -0.143207 
1.65369 -0.211191 
1.64133 -0.284348 
1.62789 -0.254526 
1.61577 -0.230949 
1.60459 -0.217203 
1.59396 -0.208792 
1.58584 -0.116927 
1.58222 -0.0279343 

