R2
-1.5708 0 
-1.57476 -0.158115 
-1.58654 -0.31236 
-1.60587 -0.458962 
-1.63225 -0.594339 
-1.66506 -0.715199 
-1.70519 -0.886893 
-1.75339 -1.03709 
-1.80848 -1.16233 
-1.86916 -1.25994 
-1.93399 -1.32809 
-2.00146 -1.36588 
-2.07007 -1.37329 
-2.1383 -1.35121 
-2.20226 -1.20271 
-2.25817 -1.03042 
-2.30497 -0.838595 
-2.34178 -0.631493 
-2.36794 -0.413271 
-2.38299 -0.187958 
-2.38668 0.0405313 
-2.37895 0.268338 
-2.35244 0.790555 
-2.30012 1.29894 
-2.22294 1.78349 
-2.12235 2.2332 
-2.0004 2.63625 
-1.85971 2.98058 
-1.7035 3.25502 
-1.53552 3.45065 
-1.35985 3.56208 
-1.18073 3.5885 
-1.00318 3.50053 
-0.831882 3.34041 
-0.670151 3.11984 
-0.520691 2.85171 
-0.385561 2.54867 
-0.265605 2.24644 
-0.16116 1.92957 
-0.0727764 1.60492 
-0.000716642 1.27726 
0.0549476 0.949441 
0.0918367 0.526346 
0.10505 0.00228309 
0.0920651 -0.521774 
0.0528535 -1.04692 
-0.0120894 -1.55091 
-0.107099 -2.24903 
-0.236889 -2.94078 
-0.40089 -3.61506 
-0.597813 -4.25419 
-0.825326 -4.83423 
-1.07978 -5.32717 
-1.35221 -5.54903 
-1.627 -5.42023 
-1.89203 -5.15976 
-2.14098 -4.77996 
-2.36839 -4.30177 
-2.56993 -3.7498 
-2.74253 -3.14772 
-2.8842 -2.51519 
-2.99379 -1.8665 
-3.07073 -1.21071 
-3.11482 -0.552575 
-3.13569 -0.282385 
-3.13642 0.253333 
-3.11424 0.63367 
-3.07306 1.01351 
-3.00505 1.70647 
-2.90251 2.39338 
-2.76595 3.06592 
-2.59639 3.71039 
-2.3957 4.30724 
-2.16686 4.83225 
-1.91411 5.25942 
-1.64293 5.56586 
-1.36384 5.57492 
-1.08766 5.45127 
-0.820683 5.21003 
-0.568211 4.87566 
-0.33419 4.47687 
-0.121128 4.0417 
0.0738808 3.75829 
0.254811 3.48136 
0.419467 3.10933 
0.566259 2.76801 
0.696873 2.46287 
0.81319 2.19632 
0.917156 1.96881 
1.01071 1.77959 
1.08936 1.37193 
1.1484 0.994061 
1.19794 0.99129 
1.24791 1.0112 
1.29945 1.05467 
1.35379 1.12311 
1.40245 0.827137 
1.43684 0.551189 
1.46215 0.463339 
1.48336 0.386808 
1.50099 0.319744 
1.51546 0.260519 
1.52714 0.207686 
1.53632 0.159951 
1.5432 0.116145 
1.54798 0.0751925 
1.55075 0.036087 
1.55174 0.00354613 
1.55111 -0.0289077 

