R2
-1.5708 0 
-1.56705 0.149388 
-1.55592 0.295119 
-1.53766 0.433629 
-1.51273 0.561532 
-1.48174 0.675717 
-1.44544 0.773433 
-1.40471 0.852373 
-1.36054 0.910743 
-1.314 0.947319 
-1.26618 0.961475 
-1.21822 0.953184 
-1.17123 0.922999 
-1.13209 0.639531 
-1.10835 0.308655 
-1.10051 0.0042153 
-1.10959 -0.36674 
-1.13705 -0.729637 
-1.18228 -1.0763 
-1.24427 -1.39854 
-1.3216 -1.68832 
-1.41244 -1.93805 
-1.51462 -2.14096 
-1.62566 -2.29159 
-1.74284 -2.38628 
-1.86333 -2.42351 
-1.98259 -2.33759 
-2.09788 -2.26569 
-2.20835 -2.14586 
-2.31176 -1.98381 
-2.40614 -1.78586 
-2.48986 -1.5585 
-2.55411 -1.0086 
-2.59215 -0.511388 
-2.60514 -0.0075654 
-2.59124 0.562878 
-2.54897 1.12603 
-2.48306 1.50736 
-2.39445 2.03218 
-2.28041 2.52299 
-2.14294 2.96675 
-1.98475 3.34936 
-1.80925 3.65693 
-1.62051 3.8777 
-1.42306 4.00397 
-1.22172 4.03364 
-1.02124 3.97083 
-0.82602 3.82533 
-0.639858 3.61101 
-0.473292 3.04442 
-0.335987 2.4434 
-0.22179 2.12193 
-0.12482 1.7555 
-0.0529962 1.11693 
-0.0131531 0.476691 
-0.00116396 0.0028677 
-0.0170329 -0.637617 
-0.0582538 -1.0111 
-0.124783 -1.64957 
-0.223124 -2.28269 
-0.352842 -2.90302 
-0.513012 -3.4983 
-0.701966 -4.05109 
-0.909561 -4.24046 
-1.12465 -4.34807 
-1.34277 -4.36 
-1.56224 -4.40119 
-1.77777 -4.20229 
-1.9808 -3.90304 
-2.16661 -3.51628 
-2.33124 -3.05819 
-2.47902 -2.84484 
-2.61501 -2.58854 
-2.73734 -2.30022 
-2.84216 -1.8897 
-2.92858 -1.56519 
-2.99854 -1.23242 
-3.05174 -0.895221 
-3.08803 -0.555959 
-3.10733 -0.21591 
-3.10962 0.124343 
-3.09489 0.464486 
-3.06318 0.804049 
-3.00952 1.34189 
-2.93406 1.67534 
-2.83713 2.19994 
-2.71767 2.57493 
-2.57424 3.1566 
-2.40271 3.69634 
-2.20563 4.17487 
-1.98659 4.57106 
-1.75023 4.86513 
-1.50203 5.04255 
-1.24802 5.0975 
-0.994247 5.03475 
-0.746263 4.86911 
-0.508684 4.62269 
-0.289912 4.12128 
-0.0920448 3.79035 
0.0873105 3.38384 
0.248123 3.05086 
0.3927 2.73593 
0.522141 2.44643 
0.637839 2.18666 
0.741338 1.9587 
0.834249 1.7631 
0.918182 1.5995 
0.994718 1.46705 
1.06539 1.36479 
1.12918 1.19147 
1.18748 1.14496 
1.24244 1.0576 
1.29115 0.894442 
1.33641 0.919719 
1.37597 0.665775 
1.40493 0.494807 
1.42398 0.26889 
1.43777 0.283786 
1.45331 0.339063 
1.47098 0.369147 
1.4887 0.341319 
1.50525 0.32185 
1.52019 0.276804 
1.53388 0.272021 
1.5475 0.273919 
1.56138 0.282546 
1.5742 0.231177 
1.58543 0.218958 
1.59284 0.0782413 
1.59496 0.00638619 

