-4 -4 0 0 0 0 0 
-4.0243 -3.94377 0.105198 0.0173567 -0.0799904 0.091097 -0.060902 
-4.04861 -3.88754 0.210395 0.0347133 -0.159981 0.182194 -0.121804 
-4.07291 -3.83131 0.315593 0.05207 -0.239971 0.273291 -0.182706 
-4.09722 -3.77509 0.42079 0.0694266 -0.319962 0.364388 -0.243608 
-4.12152 -3.71886 0.525988 0.0867833 -0.399952 0.455485 -0.30451 
-4.14583 -3.66263 0.631185 0.10414 -0.479942 0.546582 -0.365412 
-4.17013 -3.6064 0.736383 0.121497 -0.559933 0.637679 -0.426314 
-4.19444 -3.55017 0.84158 0.138853 -0.639923 0.728776 -0.487216 
-4.21874 -3.49394 0.946778 0.15621 -0.719913 0.819873 -0.548118 
-4.24305 -3.43772 1.05198 0.173567 -0.799904 0.91097 -0.60902 
-4.26735 -3.38149 1.15717 0.190923 -0.879894 1.00207 -0.669922 
-4.29166 -3.32526 1.26237 0.20828 -0.959885 1.09316 -0.730824 
-4.31596 -3.26903 1.36757 0.225637 -1.03987 1.18426 -0.791726 
-4.34027 -3.2128 1.47277 0.242993 -1.11987 1.27536 -0.852628 
-4.27108 -3.03475 1.49981 0.258123 -1.12308 1.22584 -0.800266 
-4.20188 -2.8567 1.52686 0.273254 -1.12629 1.17632 -0.747904 
-4.13269 -2.67864 1.55391 0.288384 -1.1295 1.1268 -0.695542 
-4.0635 -2.50059 1.58096 0.303514 -1.13271 1.07728 -0.643179 
-3.99431 -2.32254 1.608 0.318644 -1.13592 1.02776 -0.590817 
-3.92512 -2.14448 1.63505 0.333775 -1.13913 0.978237 -0.538455 
-3.85592 -1.96643 1.6621 0.348905 -1.14234 0.928717 -0.486093 
-3.78673 -1.78837 1.68915 0.364035 -1.14555 0.879197 -0.433731 
-3.71754 -1.61032 1.7162 0.379165 -1.14876 0.829677 -0.381368 
-3.64835 -1.43227 1.74324 0.394296 -1.15197 0.780157 -0.329006 
-3.57915 -1.25421 1.77029 0.409426 -1.15518 0.730637 -0.276644 
-3.50996 -1.07616 1.79734 0.424556 -1.1584 0.681117 -0.224282 
-3.44077 -0.898106 1.82439 0.439686 -1.16161 0.631597 -0.171919 
-3.37158 -0.720053 1.85144 0.454816 -1.16482 0.582077 -0.119557 
-3.30238 -0.541999 1.87848 0.469947 -1.16803 0.532557 -0.0671949 
-3.23319 -0.363946 1.90553 0.485077 -1.17124 0.483037 -0.0148327 
-3.164 -0.185892 1.93258 0.500207 -1.17445 0.433517 0.0375296 
-3.09481 -0.00783837 1.95963 0.515337 -1.17766 0.383997 0.0898918 
-3.09535 0.185772 1.94579 0.519798 -1.19031 0.395514 0.133366 
-3.09589 0.379382 1.93196 0.524259 -1.20296 0.407031 0.176841 
-3.09643 0.572992 1.91813 0.52872 -1.21561 0.418548 0.220316 
-3.09697 0.766602 1.90429 0.53318 -1.22826 0.430064 0.263791 
-3.09751 0.960212 1.89046 0.537641 -1.24091 0.441581 0.307265 
-3.09805 1.15382 1.87663 0.542102 -1.25356 0.453098 0.35074 
-3.09859 1.34743 1.86279 0.546563 -1.26621 0.464615 0.394215 
-3.09913 1.54104 1.84896 0.551023 -1.27886 0.476132 0.437689 
-3.09967 1.73465 1.83513 0.555484 -1.29151 0.487649 0.481164 
-3.10021 1.92826 1.82129 0.559945 -1.30416 0.499166 0.524639 
-3.10075 2.12187 1.80746 0.564406 -1.3168 0.510682 0.568114 
-3.10129 2.31548 1.79363 0.568866 -1.32945 0.522199 0.611588 
-3.10183 2.50909 1.77979 0.573327 -1.3421 0.533716 0.655063 
-3.10237 2.7027 1.76596 0.577788 -1.35475 0.545233 0.698538 
-3.10291 2.89631 1.75213 0.582249 -1.3674 0.55675 0.742012 
-3.10345 3.08992 1.73829 0.586709 -1.38005 0.568267 0.785487 
-3.10399 3.28353 1.72446 0.59117 -1.3927 0.579784 0.828962 
-3.10453 3.47714 1.71063 0.595631 -1.40535 0.5913 0.872437 
-3.10507 3.67075 1.69679 0.600092 -1.418 0.602817 0.915911 
-3.10561 3.86436 1.68296 0.604552 -1.43065 0.614334 0.959386 
-3.10615 4.05797 1.66913 0.609013 -1.4433 0.625851 1.00286 
-3.10669 4.25158 1.65529 0.613474 -1.45595 0.637368 1.04634 
-3.10723 4.44519 1.64146 0.617935 -1.4686 0.648885 1.08981 
-3.10777 4.6388 1.62763 0.622395 -1.48125 0.660402 1.13328 
-2.89648 4.64146 1.61574 0.618542 -1.49889 0.70815 1.0753 
-2.6852 4.64413 1.60385 0.614688 -1.51653 0.755899 1.01732 
-2.47391 4.64679 1.59196 0.610835 -1.53417 0.803648 0.959341 
-2.26262 4.64945 1.58008 0.606982 -1.55181 0.851397 0.90136 
-2.05133 4.65211 1.56819 0.603128 -1.56945 0.899145 0.843378 
-1.84004 4.65477 1.5563 0.599275 -1.58709 0.946894 0.785397 
-1.62875 4.65743 1.54441 0.595421 -1.60473 0.994643 0.727416 
-1.41746 4.66009 1.53252 0.591568 -1.62237 1.04239 0.669435 
-1.20617 4.66276 1.52064 0.587714 -1.64001 1.09014 0.611453 
-0.994886 4.66542 1.50875 0.583861 -1.65765 1.13789 0.553472 
-0.783597 4.66808 1.49686 0.580007 -1.67529 1.18564 0.495491 
-0.572308 4.67074 1.48497 0.576154 -1.69294 1.23339 0.43751 
-0.361019 4.6734 1.47309 0.572301 -1.71058 1.28114 0.379528 
-0.149731 4.67606 1.4612 0.568447 -1.72822 1.32888 0.321547 
0.0615581 4.67872 1.44931 0.564594 -1.74586 1.37663 0.263566 
0.272847 4.68139 1.43742 0.56074 -1.7635 1.42438 0.205584 
0.484136 4.68405 1.42553 0.556887 -1.78114 1.47213 0.147603 
0.695424 4.68671 1.41365 0.553033 -1.79878 1.51988 0.0896219 
0.787607 4.61924 1.3571 0.530912 -1.72683 1.45908 0.086037 
0.87979 4.55177 1.30055 0.508791 -1.65488 1.39829 0.0824521 
0.971973 4.4843 1.24401 0.486669 -1.58293 1.33749 0.0788672 
1.06416 4.41684 1.18746 0.464548 -1.51097 1.2767 0.0752824 
1.15634 4.34937 1.13092 0.442427 -1.43902 1.2159 0.0716975 
1.24852 4.2819 1.07437 0.420305 -1.36707 1.15511 0.0681126 
1.34071 4.21443 1.01783 0.398184 -1.29512 1.09431 0.0645277 
1.43289 4.14696 0.961279 0.376063 -1.22317 1.03352 0.0609429 
1.52507 4.07949 0.904734 0.353941 -1.15122 0.972723 0.057358 
1.61725 4.01203 0.848188 0.33182 -1.07927 0.911927 0.0537731 
1.70944 3.94456 0.791642 0.309699 -1.00732 0.851132 0.0501882 
1.80162 3.87709 0.735096 0.287577 -0.935365 0.790337 0.0466034 
1.8938 3.80962 0.67855 0.265456 -0.863414 0.729542 0.0430185 
1.98599 3.74215 0.622004 0.243335 -0.791463 0.668747 0.0394336 
2.07817 3.67468 0.565459 0.221213 -0.719511 0.607952 0.0358487 
2.17035 3.60722 0.508913 0.199092 -0.64756 0.547156 0.0322639 
2.26254 3.53975 0.452367 0.176971 -0.575609 0.486361 0.028679 
2.35472 3.47228 0.395821 0.154849 -0.503658 0.425566 0.0250941 
2.4469 3.40481 0.339275 0.132728 -0.431707 0.364771 0.0215092 
2.53908 3.33734 0.282729 0.110607 -0.359756 0.303976 0.0179244 
2.63127 3.26987 0.226183 0.0884853 -0.287805 0.243181 0.0143395 
2.72345 3.20241 0.169638 0.066364 -0.215853 0.182385 0.0107546 
2.81563 3.13494 0.113092 0.0442427 -0.143902 0.12159 0.00716975 
2.90782 3.06747 0.0565459 0.0221213 -0.0719511 0.0607952 0.00358487 
3 3 0 0 0 0 0 

