-3 -3 0 0 0 0 0 
-3.05704 -2.87171 -0.00622979 0.0185293 -0.0532711 0.0609381 0.0678159 
-3.11407 -2.74343 -0.0124596 0.0370586 -0.106542 0.121876 0.135632 
-3.17111 -2.61514 -0.0186894 0.0555879 -0.159813 0.182814 0.203448 
-3.22814 -2.48685 -0.0249192 0.0741172 -0.213084 0.243752 0.271264 
-3.28518 -2.35857 -0.031149 0.0926465 -0.266355 0.304691 0.33908 
-3.34221 -2.23028 -0.0373787 0.111176 -0.319626 0.365629 0.406895 
-3.39925 -2.10199 -0.0436085 0.129705 -0.372898 0.426567 0.474711 
-3.45629 -1.97371 -0.0498383 0.148234 -0.426169 0.487505 0.542527 
-3.51332 -1.84542 -0.0560681 0.166764 -0.47944 0.548443 0.610343 
-3.57036 -1.71713 -0.0622979 0.185293 -0.532711 0.609381 0.678159 
-3.62739 -1.58884 -0.0685277 0.203822 -0.585982 0.670319 0.745975 
-3.68443 -1.46056 -0.0747575 0.222352 -0.639253 0.731257 0.813791 
-3.74146 -1.33227 -0.0809873 0.240881 -0.692524 0.792195 0.881607 
-3.7985 -1.20398 -0.0872171 0.25941 -0.745795 0.853133 0.949423 
-3.85554 -1.0757 -0.0934469 0.277939 -0.799066 0.914072 1.01724 
-3.91257 -0.94741 -0.0996767 0.296469 -0.852337 0.97501 1.08505 
-3.96961 -0.819123 -0.105906 0.314998 -0.905608 1.03595 1.15287 
-4.02664 -0.690836 -0.112136 0.333527 -0.958879 1.09689 1.22069 
-4.08368 -0.56255 -0.118366 0.352057 -1.01215 1.15782 1.2885 
-4.14071 -0.434263 -0.124596 0.370586 -1.06542 1.21876 1.35632 
-4.19775 -0.305976 -0.130826 0.389115 -1.11869 1.2797 1.42413 
-4.25479 -0.177689 -0.137055 0.407645 -1.17196 1.34064 1.49195 
-4.31182 -0.0494022 -0.143285 0.426174 -1.22523 1.40158 1.55977 
-4.36886 0.0788847 -0.149515 0.444703 -1.27851 1.46251 1.62758 
-4.42589 0.207172 -0.155745 0.463232 -1.33178 1.52345 1.6954 
-4.48293 0.335458 -0.161975 0.481762 -1.38505 1.58439 1.76321 
-4.53996 0.463745 -0.168204 0.500291 -1.43832 1.64533 1.83103 
-4.597 0.592032 -0.174434 0.51882 -1.49159 1.70627 1.89885 
-4.45939 0.650924 -0.192271 0.518702 -1.49489 1.61164 1.90459 
-4.32179 0.709816 -0.210109 0.518584 -1.49819 1.51701 1.91034 
-4.18418 0.768708 -0.227946 0.518466 -1.50149 1.42239 1.91609 
-4.04658 0.8276 -0.245783 0.518348 -1.50479 1.32776 1.92184 
-3.90897 0.886492 -0.26362 0.51823 -1.50809 1.23313 1.92758 
-3.77137 0.945384 -0.281457 0.518112 -1.51139 1.13851 1.93333 
-3.63376 1.00428 -0.299295 0.517994 -1.51469 1.04388 1.93908 
-3.49616 1.06317 -0.317132 0.517876 -1.51799 0.949252 1.94483 
-3.35855 1.12206 -0.334969 0.517758 -1.52129 0.854625 1.95057 
-3.22095 1.18095 -0.352806 0.51764 -1.52459 0.759999 1.95632 
-3.08334 1.23984 -0.370643 0.517522 -1.52789 0.665372 1.96207 
-2.94574 1.29874 -0.388481 0.517404 -1.53119 0.570745 1.96782 
-2.80813 1.35763 -0.406318 0.517286 -1.53449 0.476118 1.97357 
-2.67053 1.41652 -0.424155 0.517168 -1.53779 0.381491 1.97931 
-2.53292 1.47541 -0.441992 0.51705 -1.5411 0.286864 1.98506 
-2.39531 1.5343 -0.459829 0.516932 -1.5444 0.192238 1.99081 
-2.25771 1.5932 -0.477667 0.516814 -1.5477 0.0976107 1.99656 
-2.1201 1.65209 -0.495504 0.516696 -1.551 0.00298387 2.0023 
-1.9825 1.71098 -0.513341 0.516578 -1.5543 -0.091643 2.00805 
-1.84489 1.76987 -0.531178 0.516459 -1.5576 -0.18627 2.0138 
-1.70729 1.82876 -0.549015 0.516341 -1.5609 -0.280897 2.01955 
-1.56968 1.88766 -0.566853 0.516223 -1.5642 -0.375523 2.0253 
-1.43208 1.94655 -0.58469 0.516105 -1.5675 -0.47015 2.03104 
-1.29447 2.00544 -0.602527 0.515987 -1.5708 -0.564777 2.03679 
-1.15687 2.06433 -0.620364 0.515869 -1.5741 -0.659404 2.04254 
-1.01926 2.12322 -0.638201 0.515751 -1.5774 -0.754031 2.04829 
-0.881655 2.18211 -0.656039 0.515633 -1.5807 -0.848658 2.05403 
-0.74405 2.24101 -0.673876 0.515515 -1.584 -0.943284 2.05978 
-0.606445 2.2999 -0.691713 0.515397 -1.5873 -1.03791 2.06553 
-0.580835 2.31582 -0.809971 0.509408 -1.68146 -0.75941 1.83233 
-0.555225 2.33175 -0.928229 0.50342 -1.77562 -0.480909 1.59914 
-0.529616 2.34767 -1.04649 0.497431 -1.86979 -0.202407 1.36594 
-0.504006 2.36359 -1.16475 0.491443 -1.96395 0.0760942 1.13274 
-0.478396 2.37951 -1.283 0.485454 -2.05811 0.354596 0.899548 
-0.452787 2.39544 -1.40126 0.479465 -2.15227 0.633097 0.666352 
-0.427177 2.41136 -1.51952 0.473477 -2.24643 0.911598 0.433155 
-0.401568 2.42728 -1.63778 0.467488 -2.3406 1.1901 0.199959 
-0.375958 2.44321 -1.75604 0.461499 -2.43476 1.4686 -0.0332373 
-0.221867 2.28579 -1.79392 0.467813 -2.42471 1.43657 -0.0555442 
-0.0677756 2.12838 -1.8318 0.474126 -2.41466 1.40455 -0.0778511 
0.0863155 1.97097 -1.86969 0.48044 -2.40461 1.37252 -0.100158 
0.240407 1.81355 -1.90757 0.486753 -2.39456 1.34049 -0.122465 
0.394498 1.65614 -1.94545 0.493067 -2.38452 1.30846 -0.144772 
0.548589 1.49873 -1.98334 0.49938 -2.37447 1.27643 -0.167079 
0.70268 1.34131 -2.02122 0.505693 -2.36442 1.24441 -0.189386 
0.856771 1.1839 -2.0591 0.512007 -2.35437 1.21238 -0.211692 
1.01086 1.02649 -2.09699 0.51832 -2.34432 1.18035 -0.233999 
1.16495 0.869073 -2.13487 0.524634 -2.33427 1.14832 -0.256306 
1.24251 0.953749 -2.0964 0.472211 -2.31015 1.21686 -0.405277 
1.32007 1.03843 -2.05792 0.419789 -2.28603 1.2854 -0.554247 
1.39762 1.1231 -2.01945 0.367366 -2.26191 1.35394 -0.703218 
1.47518 1.20778 -1.98098 0.314943 -2.23778 1.42248 -0.852188 
1.55273 1.29245 -1.94251 0.262521 -2.21366 1.49101 -1.00116 
1.63029 1.37713 -1.90403 0.210098 -2.18954 1.55955 -1.15013 
1.70785 1.46181 -1.86556 0.157676 -2.16542 1.62809 -1.2991 
1.7854 1.54648 -1.82709 0.105253 -2.1413 1.69663 -1.44807 
1.86296 1.63116 -1.78862 0.0528306 -2.11717 1.76517 -1.59704 
1.94051 1.71584 -1.75014 0.000408079 -2.09305 1.83371 -1.74601 
2.01807 1.80051 -1.71167 -0.0520145 -2.06893 1.90224 -1.89498 
2.09563 1.88519 -1.6732 -0.104437 -2.04481 1.97078 -2.04395 
2.08096 1.86852 -1.60118 -0.112488 -1.98744 1.78843 -1.90173 
2.0663 1.85185 -1.52915 -0.120539 -1.93008 1.60608 -1.75951 
2.05164 1.83518 -1.45713 -0.128589 -1.87271 1.42373 -1.6173 
2.03698 1.81851 -1.38511 -0.13664 -1.81535 1.24138 -1.47508 
2.02232 1.80184 -1.31309 -0.144691 -1.75798 1.05903 -1.33286 
2.00765 1.78517 -1.24107 -0.152742 -1.70062 0.876684 -1.19064 
1.99299 1.7685 -1.16904 -0.160792 -1.64325 0.694335 -1.04842 
1.97833 1.75183 -1.09702 -0.168843 -1.58589 0.511985 -0.906205 
1.96367 1.73516 -1.025 -0.176894 -1.52852 0.329635 -0.763986 
1.949 1.71849 -0.952979 -0.184945 -1.47116 0.147286 -0.621768 
1.93434 1.70182 -0.880957 -0.192995 -1.41379 -0.0350641 -0.479549 

